time	mode	theta	u	uh	u+uh	h
1.07E-05	0	2.6031653970419333	0	0	0	0
1.07E-05	0	2.6031653970419333	0	0	0	0
1.07E-05	0	2.604699377829819	0	0	0	0
0.1223723	0	2.604699377829819	0	0	0	0
0.1223723	0	2.6031653970419333	0	0	0	0
0.2459974	0	2.6031653970419333	0	0	0	0
0.2459974	0	2.6031653970419333	0	0	0	0
0.3686668	0	2.6031653970419333	0	0	0	0
0.3686668	0	2.6031653970419333	0	0	0	0
0.4933459	0	2.6031653970419333	0	0	0	0
0.4933459	0	2.604699377829819	0	0	0	0
0.61506	0	2.604699377829819	0	0	0	0
0.61506	0	2.6031653970419333	0	0	0	0
0.7386472	0	2.6031653970419333	0	0	0	0
0.7386472	0	2.6031653970419333	0	0	0	0
0.8624186	0	2.6031653970419333	0	0	0	0
0.8624186	0	2.6031653970419333	0	0	0	0
0.9851194	0	2.6031653970419333	0	0	0	0
0.9851194	0	2.604699377829819	0	0	0	0
1.1087677	0	2.604699377829819	0	0	0	0
1.1087677	0	2.6031653970419333	0	0	0	0
1.2284002	0	2.6031653970419333	0	0	0	0
1.2284002	0	2.604699377829819	0	0	0	0
1.3500938	0	2.604699377829819	0	0	0	0
1.3500938	0	2.604699377829819	0	0	0	0
1.4697852	0	2.604699377829819	0	0	0	0
1.4697852	0	2.604699377829819	0	0	0	0
1.589392	0	2.604699377829819	0	0	0	0
1.589392	0	2.6031653970419333	0	0	0	0
1.7130968	0	2.6031653970419333	0	0	0	0
1.7130968	0	2.6031653970419333	0	0	0	0
1.8347723	0	2.6031653970419333	0	0	0	0
1.8347723	0	2.604699377829819	0	0	0	0
1.9586409	0	2.604699377829819	0	0	0	0
1.9586409	0	2.6031653970419333	0	0	0	0
2.0801328	0	2.6031653970419333	0	0	0	0
2.0801328	0	2.6031653970419333	0	0	0	0
2.20375	0	2.6031653970419333	0	0	0	0
2.20375	0	2.604699377829819	0	0	0	0
2.325497	0	2.604699377829819	0	0	0	0
2.325497	0	2.6031653970419333	0	0	0	0
2.4470703	0	2.6031653970419333	0	0	0	0
2.4470703	0	2.6031653970419333	0	0	0	0
2.5667927	0	2.6031653970419333	0	0	0	0
2.5667927	0	2.604699377829819	0	0	0	0
2.6904821	0	2.604699377829819	0	0	0	0
2.6904821	0	2.6031653970419333	0	0	0	0
2.812238	0	2.6031653970419333	0	0	0	0
2.812238	0	2.604699377829819	0	0	0	0
2.9358011	0	2.604699377829819	0	0	0	0
2.9358011	0	2.6031653970419333	0	0	0	0
3.0595589	0	2.6031653970419333	0	0	0	0
3.0595589	0	2.604699377829819	0	0	0	0
3.1821564	0	2.604699377829819	0	0	0	0
3.1821564	0	2.604699377829819	0	0	0	0
3.3028314	0	2.604699377829819	0	0	0	0
3.3028314	0	2.6031653970419333	0	0	0	0
3.424605	0	2.6031653970419333	0	0	0	0
3.424605	0	2.604699377829819	0	0	0	0
3.5481928	0	2.604699377829819	0	0	0	0
3.5481928	0	2.604699377829819	0	0	0	0
3.669886	0	2.604699377829819	0	0	0	0
3.7916176	0	2.604699377829819	0	0	0	0
3.7916176	0	2.604699377829819	0	0	0	0
3.7916176	0	2.604699377829819	0	0	0	0
3.9151382	0	2.604699377829819	0	0	0	0
3.9151382	0	2.604699377829819	0	0	0	0
4.0348934	0	2.604699377829819	0	0	0	0
4.0348934	0	2.6031653970419333	0	0	0	0
4.1565858	0	2.6031653970419333	0	0	0	0
4.1565858	0	2.604699377829819	0	0	0	0
4.2811765	0	2.604699377829819	0	0	0	0
4.2811765	0	2.604699377829819	0	0	0	0
4.4038823	0	2.604699377829819	0	0	0	0
4.4038823	0	2.6031653970419333	0	0	0	0
4.5435409	0	2.6031653970419333	0	0	0	0
4.5435409	0	2.604699377829819	0	0	0	0
4.6653013	0	2.604699377829819	0	0	0	0
4.6653013	0	2.604699377829819	0	0	0	0
4.7869742	0	2.604699377829819	0	0	0	0
4.7869742	0	2.6031653970419333	0	0	0	0
4.9126522	0	2.6031653970419333	0	0	0	0
4.9126522	0	2.6031653970419333	0	0	0	0
5.0372742	1	2.6031653970419333	0	-1	-1	0.29796850200101266
5.0372742	1	2.59702947389039	0	-1	-1	0.29796850200101266
5.1609378	1	2.59702947389039	0	-1	-1	0.3120799392981398
5.1609378	1	2.4697090684958827	0	-1	-1	0.3120799392981398
5.2835465	1	2.4697090684958827	0	-1	-1	0.5879005493605509
5.2835465	1	2.3239808936467465	0	-1	-1	0.5879005493605509
5.4052789	1	2.3239808936467465	0	-1	-1	0.8638079667421505
5.4052789	1	2.2043303921916664	0	-1	-1	0.8638079667421505
5.5279696	1	2.2043303921916664	0	-1	-1	1.058589786160179
5.5279696	1	2.0754760060092723	0	-1	-1	1.058589786160179
5.6516268	1	2.0754760060092723	0	-1	-1	1.2363338776966657
5.6516268	1	1.9496895814026498	0	-1	-1	1.2363338776966657
5.772238	1	1.9496895814026498	0	-1	-1	1.3778156099056302
5.772238	1	1.8223691760081415	0	-1	-1	1.3778156099056302
5.8959385	1	1.8223691760081415	0	-1	-1	1.48879706488889
5.8959385	1	1.696582751401519	0	-1	-1	1.48879706488889
6.0166045	1	1.696582751401519	0	-1	-1	1.5666039907191376
6.0166045	1	1.5723303075827824	0	-1	-1	1.5666039907191376
6.1392426	1	1.5723303075827824	0	-1	-1	1.6123941111487132
6.1392426	1	1.4496118445519306	0	-1	-1	1.6123941111487132
6.2620425	1	1.4496118445519306	0	-1	-1	1.6273110313476118
6.2620425	1	1.3268933815210797	0	-1	-1	1.6273110313476118
6.3848041	1	1.3268933815210797	0	-1	-1	1.6121083092092015
6.3848041	1	1.202640937702343	0	-1	-1	1.6121083092092015
6.5065721	1	1.202640937702343	0	-1	-1	1.56602881431587
6.5065721	1	1.0783884938836055	0	-1	-1	1.56602881431587
6.6281097	1	1.0783884938836055	0.3169326839113375	-1	-0.6830673160886624	1.4890719798326815
6.6281097	1	0.9587379924285253	0.3169326839113375	-1	-0.6830673160886624	1.4890719798326815
6.7507187	1	0.9587379924285253	0.5050489104983076	-1	-0.4949510895016924	1.385782288770117
6.7507187	1	0.8820389530342441	0.5050489104983076	-1	-0.4949510895016924	1.385782288770117
6.874421	1	0.8820389530342441	0.5871124935287747	-1	-0.4128875064712253	1.3045111271767427
6.874421	1	0.8268156446703605	0.5871124935287747	-1	-0.4128875064712253	1.3045111271767427
6.9970933	1	0.8268156446703605	0.6351955241022933	-1	-0.3648044758977067	1.2387107023391755
6.9970933	1	0.7777282594580202	0.6351955241022933	-1	-0.3648044758977067	1.2387107023391755
7.1228146	1	0.7777282594580202	0.6723539608732527	-1	-0.3276460391267473	1.1751010966195516
7.1228146	1	0.7332428166093363	0.6723539608732527	-1	-0.3276460391267473	1.1751010966195516
7.2454476	1	0.7332428166093363	0.702487047090277	-1	-0.297512952909723	1.1132922627412436
7.2454476	1	0.6933593161243099	0.702487047090277	-1	-0.297512952909723	1.1132922627412436
7.3679847	1	0.6933593161243099	0.7271901985914233	-1	-0.2728098014085767	1.0545125173683212
7.3679847	1	0.6596117387908258	0.7271901985914233	-1	-0.2728098014085767	1.0545125173683212
7.4917844	1	0.6596117387908258	0.7466743467590284	-1	-0.25332565324097156	1.0022909392522508
7.4917844	1	0.6289321230331129	0.7466743467590284	-1	-0.25332565324097156	1.0022909392522508
7.6143571	1	0.6289321230331129	0.7634296410838016	-1	-0.23657035891619838	0.9528401758001642
7.6143571	1	0.5967185264875146	0.7634296410838016	-1	-0.23657035891619838	0.9528401758001642
7.7360452	1	0.5967185264875146	0.780182082051896	-1	-0.219817917948104	0.8988908576088784
7.7360452	1	0.5675728915176874	0.780182082051896	-1	-0.219817917948104	0.8988908576088784
7.858767	1	0.5675728915176874	0.7947029869031879	-1	-0.20529701309681214	0.8482912159577467
7.858767	1	0.5414952181236314	0.7947029869031879	-1	-0.20529701309681214	0.8482912159577467
7.9834533	1	0.5414952181236314	0.8072575353290332	-1	-0.19274246467096678	0.8015777569759023
7.9834533	1	0.5138835639416897	0.8072575353290332	-1	-0.19274246467096678	0.8015777569759023
8.1070634	1	0.5138835639416897	0.8201679750807711	-1	-0.1798320249192289	0.7506339963194245
8.1070634	1	0.4908738521234053	0.8201679750807711	-1	-0.1798320249192289	0.7506339963194245
8.2456208	1	0.4908738521234053	0.8306738747756318	-1	-0.16932612522436818	0.7070160793955139
8.2456208	1	0.46786414030512047	0.8306738747756318	-1	-0.16932612522436818	0.7070160793955139
8.3673154	1	0.46786414030512047	0.8409912881037865	-1	-0.15900871189621346	0.6623392687956816
8.3673154	1	0.44792239006260726	0.8409912881037865	-1	-0.15900871189621346	0.6623392687956816
8.4899204	1	0.44792239006260726	0.8498109922755289	-1	-0.15018900772447108	0.6227628389468602
8.4899204	1	0.42798063982009404	0.8498109922755289	-1	-0.15018900772447108	0.6227628389468602
8.6126765	1	0.42798063982009404	0.8585453489721092	-1	-0.1414546510278908	0.5823910622925693
8.6126765	1	0.411106851153352	0.8585453489721092	-1	-0.1414546510278908	0.5823910622925693
8.7383181	1	0.411106851153352	0.8658902387275622	-1	-0.1341097612724378	0.5476091105772699
8.7383181	1	0.39423306248660994	0.8658902387275622	-1	-0.1341097612724378	0.5476091105772699
8.8599407	1	0.39423306248660994	0.8732128575931247	-1	-0.12678714240687528	0.5122577093740307
8.8599407	1	0.3758252930319821	0.8732128575931247	-1	-0.12678714240687528	0.5122577093740307
8.9856364	1	0.3758252930319821	0.8811998370076276	-1	-0.1188001629923724	0.4730430896371438
8.9856364	1	0.36048548515312584	0.8811998370076276	-1	-0.1188001629923724	0.4730430896371438
9.1253327	1	0.36048548515312584	0.8878755462878486	-1	-0.1121244537121514	0.43984655850373294
9.1253327	1	0.3436116964863838	0.8878755462878486	-1	-0.1121244537121514	0.43984655850373294
9.2479754	1	0.3436116964863838	0.8952651080986409	-1	-0.1047348919013591	0.40278680883667445
9.2479754	1	0.3298058693954129	0.8952651080986409	-1	-0.1047348919013591	0.40278680883667445
9.3696693	1	0.3298058693954129	0.9013683278878941	-1	-0.09863167211210588	0.3720416380023488
9.3696693	1	0.3175340230923278	0.9013683278878941	-1	-0.09863167211210588	0.3720416380023488
9.4922809	1	0.3175340230923278	0.9068543279456759	-1	-0.09314567205432411	0.34439257606089246
9.4922809	1	0.3083301383650139	0.9068543279456759	-1	-0.09314567205432411	0.34439257606089246
9.6142413	1	0.3083301383650139	0.9110171169193636	-1	-0.0889828830806364	0.32345811945196135
9.6142413	1	0.2960582920619288	0.9110171169193636	-1	-0.0889828830806364	0.32345811945196135
9.7357238	1	0.2960582920619288	0.9166481503544479	-1	-0.08335184964555209	0.2952819637696021
9.7357238	1	0.2837864457588437	0.9166481503544479	-1	-0.08335184964555209	0.2952819637696021
9.8573237	1	0.2837864457588437	0.9223939385937937	-1	-0.0776060614062063	0.26680461166386976
9.8573237	1	0.27765052260730094	0.9223939385937937	-1	-0.0776060614062063	0.26680461166386976
9.9820541	1	0.27765052260730094	0.9253191382488545	-1	-0.07468086175114552	0.25245298695223817
9.9820541	1	0.26691265709210166	0.9253191382488545	-1	-0.07468086175114552	0.25245298695223817
10.1058226	1	0.26691265709210166	0.9305396446504868	-1	-0.06946035534951323	0.22715645523344882
10.1058226	1	0.25770877236478773	0.9305396446504868	-1	-0.06946035534951323	0.22715645523344882
10.2283268	1	0.25770877236478773	0.9351368768871199	-1	-0.06486312311288012	0.20529017218970722
10.2283268	1	0.2500388684253596	0.9351368768871199	-1	-0.06486312311288012	0.20529017218970722
10.3490145	1	0.2500388684253596	0.9390726455308905	-1	-0.06092735446910946	0.1869388493150881
10.3490145	1	0.24083498369804568	0.9390726455308905	-1	-0.06092735446910946	0.1869388493150881
10.4727851	1	0.24083498369804568	0.943948287272262	-1	-0.05605171272773801	0.164761957459743
10.4727851	1	0.23316507975861755	0.943948287272262	-1	-0.05605171272773801	0.164761957459743
10.5953908	1	0.23316507975861755	0.948166377619211	-1	-0.051833622380789035	0.14615179390878766
10.5953908	1	0.2285631373949606	0.948166377619211	-1	-0.051833622380789035	0.14615179390878766
10.5953908	1	0.2285631373949606	0.948166377619211	-1	-0.051833622380789035	0.14615179390878766
10.7339809	1	0.2285631373949606	0.9507786431358319	-1	-0.049221356864168064	0.13492922144883177
10.7339809	1	0.21935925266764666	0.9507786431358319	-1	-0.049221356864168064	0.13492922144883177
10.8556623	1	0.21935925266764666	0.9562286115125641	-1	-0.04377138848743589	0.11235700928780948
10.8556623	1	0.2147573103039897	0.9562286115125641	-1	-0.04377138848743589	0.11235700928780948
10.9792552	1	0.2147573103039897	0.9590907694331481	-1	-0.04090923056685192	0.10100736958674307
10.9792552	1	0.20862138715244738	0.9590907694331481	-1	-0.04090923056685192	0.10100736958674307
11.1009825	1	0.20862138715244738	0.9630872479202074	-1	-0.03691275207979261	0.08580862993437574
11.1009825	1	0.2024854640009046	0.9630872479202074	-1	-0.03691275207979261	0.08580862993437574
11.2247441	1	0.2024854640009046	0.9673443663500545	-1	-0.032655633649945504	0.07053459117616404
11.2247441	1	0.19788352163724765	0.9673443663500545	-1	-0.032655633649945504	0.07053459117616404
11.3466014	1	0.19788352163724765	0.9707611648283747	-1	-0.029238835171625288	0.05902964706929588
11.3466014	1	0.19788352163724765	0.9707611648283747	-1	-0.029238835171625288	0.05902964706929588
11.4699728	1	0.19788352163724765	0.9707611648283747	-1	-0.029238835171625288	0.05902964706929588
11.4699728	1	0.19021361769781953	0.9707611648283747	-1	-0.029238835171625288	0.05902964706929588
11.5936375	1	0.19021361769781953	0.9770734846118212	-1	-0.022926515388178803	0.0397606163422119
11.5936375	1	0.18867963690993372	0.9770734846118212	-1	-0.022926515388178803	0.0397606163422119
11.7172927	1	0.18867963690993372	0.9784651730286588	-1	-0.021534826971341237	0.035892691614449045
11.7172927	1	0.18867963690993372	0.9784651730286588	-1	-0.021534826971341237	0.035892691614449045
11.8409842	1	0.18867963690993372	0.9784651730286588	-1	-0.021534826971341237	0.035892691614449045
11.8409842	1	0.1825437137583914	0.9784651730286588	-1	-0.021534826971341237	0.035892691614449045
11.9628228	1	0.1825437137583914	0.9847427800703543	-1	-0.015257219929645682	0.020373930762247815
11.9628228	1	0.1794757521826198	0.9847427800703543	-1	-0.015257219929645682	0.020373930762247815
12.0863133	1	0.1794757521826198	0.9885996069818861	-1	-0.011400393018113908	0.012586313171454847
12.0863133	1	0.1794757521826198	0.9885996069818861	-1	-0.011400393018113908	0.012586313171454847
12.206021	1	0.1794757521826198	0.9885996069818861	-1	-0.011400393018113908	0.012586313171454847
12.206021	1	0.1794757521826198	0.9885996069818861	-1	-0.011400393018113908	0.012586313171454847
12.3286701	1	0.1794757521826198	0.9885996069818861	-1	-0.011400393018113908	0.012586313171454847
12.3286701	1	0.17794177139473444	0.9885996069818861	-1	-0.011400393018113908	0.012586313171454847
12.4507987	1	0.17794177139473444	0.9908855178899106	-1	-0.009114482110089361	0.008685445084886684
12.4507987	1	0.1794757521826198	0.9908855178899106	-1	-0.009114482110089361	0.008685445084886684
12.5746663	1	0.1794757521826198	0.9885996069818861	-1	-0.011400393018113908	0.012586313171454847
12.5746663	1	0.17794177139473444	0.9885996069818861	-1	-0.011400393018113908	0.012586313171454847
12.6983482	1	0.17794177139473444	0.9908855178899106	-1	-0.009114482110089361	0.008685445084886684
12.6983482	1	0.17794177139473444	0.9908855178899106	-1	-0.009114482110089361	0.008685445084886684
12.8215147	1	0.17794177139473444	0.9908855178899106	-1	-0.009114482110089361	0.008685445084886684
12.8215147	1	0.1794757521826198	0.9908855178899106	-1	-0.009114482110089361	0.008685445084886684
12.9464193	1	0.1794757521826198	0.9885996069818861	-1	-0.011400393018113908	0.012586313171454847
12.9464193	1	0.1794757521826198	0.9885996069818861	-1	-0.011400393018113908	0.012586313171454847
13.0696666	1	0.1794757521826198	0.9885996069818861	-1	-0.011400393018113908	0.012586313171454847
13.0696666	1	0.1794757521826198	0.9885996069818861	-1	-0.011400393018113908	0.012586313171454847
13.1928565	1	0.1794757521826198	0.9885996069818861	-1	-0.011400393018113908	0.012586313171454847
13.1928565	1	0.1794757521826198	0.9885996069818861	-1	-0.011400393018113908	0.012586313171454847
13.3166605	1	0.1794757521826198	0.9885996069818861	-1	-0.011400393018113908	0.012586313171454847
13.3166605	1	0.17794177139473444	0.9885996069818861	-1	-0.011400393018113908	0.012586313171454847
13.4388141	1	0.17794177139473444	0.9908855178899106	-1	-0.009114482110089361	0.008685445084886684
13.4388141	1	0.17794177139473444	0.9908855178899106	-1	-0.009114482110089361	0.008685445084886684
13.5639621	1	0.17794177139473444	0.9908855178899106	-1	-0.009114482110089361	0.008685445084886684
13.5639621	1	0.17794177139473444	0.9908855178899106	-1	-0.009114482110089361	0.008685445084886684
13.687084	1	0.17794177139473444	0.9908855178899106	-1	-0.009114482110089361	0.008685445084886684
13.687084	1	0.1794757521826198	0.9908855178899106	-1	-0.009114482110089361	0.008685445084886684
13.8118689	1	0.1794757521826198	0.9885996069818861	-1	-0.011400393018113908	0.012586313171454847
13.8118689	1	0.1794757521826198	0.9885996069818861	-1	-0.011400393018113908	0.012586313171454847
13.9351931	1	0.1794757521826198	0.9885996069818861	-1	-0.011400393018113908	0.012586313171454847
13.9351931	1	0.1794757521826198	0.9885996069818861	-1	-0.011400393018113908	0.012586313171454847
14.0580235	1	0.1794757521826198	0.9885996069818861	-1	-0.011400393018113908	0.012586313171454847
14.0580235	1	0.17794177139473444	0.9885996069818861	-1	-0.011400393018113908	0.012586313171454847
14.1830175	1	0.17794177139473444	0.9908855178899106	-1	-0.009114482110089361	0.008685445084886684
14.1830175	1	0.1794757521826198	0.9908855178899106	-1	-0.009114482110089361	0.008685445084886684
14.3070567	1	0.1794757521826198	0.9885996069818861	-1	-0.011400393018113908	0.012586313171454847
14.3070567	1	0.1794757521826198	0.9885996069818861	-1	-0.011400393018113908	0.012586313171454847
14.4321253	1	0.1794757521826198	0.9885996069818861	-1	-0.011400393018113908	0.012586313171454847
14.4321253	1	0.17794177139473444	0.9885996069818861	-1	-0.011400393018113908	0.012586313171454847
14.5555808	1	0.17794177139473444	0.9908855178899106	-1	-0.009114482110089361	0.008685445084886684
14.5555808	1	0.1794757521826198	0.9908855178899106	-1	-0.009114482110089361	0.008685445084886684
14.6811814	1	0.1794757521826198	0.9885996069818861	-1	-0.011400393018113908	0.012586313171454847
14.6811814	1	0.1794757521826198	0.9885996069818861	-1	-0.011400393018113908	0.012586313171454847
14.8048742	1	0.1794757521826198	0.9885996069818861	-1	-0.011400393018113908	0.012586313171454847
14.8048742	1	0.1794757521826198	0.9885996069818861	-1	-0.011400393018113908	0.012586313171454847
14.9305702	1	0.1794757521826198	0.9885996069818861	-1	-0.011400393018113908	0.012586313171454847
14.9305702	1	0.17794177139473444	0.9885996069818861	-1	-0.011400393018113908	0.012586313171454847
15.05424	1	0.17794177139473444	0.9908855178899106	-1	-0.009114482110089361	0.008685445084886684
15.05424	1	0.1794757521826198	0.9908855178899106	-1	-0.009114482110089361	0.008685445084886684
15.1779621	1	0.1794757521826198	0.9885996069818861	-1	-0.011400393018113908	0.012586313171454847
15.1779621	1	0.1794757521826198	0.9885996069818861	-1	-0.011400393018113908	0.012586313171454847
15.3036684	1	0.1794757521826198	0.9885996069818861	-1	-0.011400393018113908	0.012586313171454847
15.3036684	1	0.1794757521826198	0.9885996069818861	-1	-0.011400393018113908	0.012586313171454847
15.4272996	1	0.1794757521826198	0.9885996069818861	-1	-0.011400393018113908	0.012586313171454847
15.4272996	1	0.17794177139473444	0.9885996069818861	-1	-0.011400393018113908	0.012586313171454847
15.550894	1	0.17794177139473444	0.9908855178899106	-1	-0.009114482110089361	0.008685445084886684
15.550894	1	0.1794757521826198	0.9908855178899106	-1	-0.009114482110089361	0.008685445084886684
15.6746325	1	0.1794757521826198	0.9885996069818861	-1	-0.011400393018113908	0.012586313171454847
15.6746325	1	0.1794757521826198	0.9885996069818861	-1	-0.011400393018113908	0.012586313171454847
15.7963704	1	0.1794757521826198	0.9885996069818861	-1	-0.011400393018113908	0.012586313171454847
15.7963704	1	0.17794177139473444	0.9885996069818861	-1	-0.011400393018113908	0.012586313171454847
15.9199791	1	0.17794177139473444	0.9908855178899106	-1	-0.009114482110089361	0.008685445084886684
15.9199791	1	0.17794177139473444	0.9908855178899106	-1	-0.009114482110089361	0.008685445084886684
16.0418326	1	0.17794177139473444	0.9908855178899106	-1	-0.009114482110089361	0.008685445084886684
16.0418326	1	0.17794177139473444	0.9908855178899106	-1	-0.009114482110089361	0.008685445084886684
16.1654091	1	0.17794177139473444	0.9908855178899106	-1	-0.009114482110089361	0.008685445084886684
16.1654091	1	0.1794757521826198	0.9908855178899106	-1	-0.009114482110089361	0.008685445084886684
16.2889782	1	0.1794757521826198	0.9885996069818861	-1	-0.011400393018113908	0.012586313171454847
16.2889782	1	0.1794757521826198	0.9885996069818861	-1	-0.011400393018113908	0.012586313171454847
16.4126155	1	0.1794757521826198	0.9885996069818861	-1	-0.011400393018113908	0.012586313171454847
16.4126155	1	0.1794757521826198	0.9885996069818861	-1	-0.011400393018113908	0.012586313171454847
16.5342902	1	0.1794757521826198	0.9885996069818861	-1	-0.011400393018113908	0.012586313171454847
16.5342902	1	0.17794177139473444	0.9885996069818861	-1	-0.011400393018113908	0.012586313171454847
16.6589339	1	0.17794177139473444	0.9908855178899106	-1	-0.009114482110089361	0.008685445084886684
16.6589339	1	0.17794177139473444	0.9908855178899106	-1	-0.009114482110089361	0.008685445084886684
16.7827925	1	0.17794177139473444	0.9908855178899106	-1	-0.009114482110089361	0.008685445084886684
16.7827925	1	0.17794177139473444	0.9908855178899106	-1	-0.009114482110089361	0.008685445084886684
16.9067578	1	0.17794177139473444	0.9908855178899106	-1	-0.009114482110089361	0.008685445084886684
16.9067578	1	0.1794757521826198	0.9908855178899106	-1	-0.009114482110089361	0.008685445084886684
17.0322419	1	0.1794757521826198	0.9885996069818861	-1	-0.011400393018113908	0.012586313171454847
17.0322419	1	0.1794757521826198	0.9885996069818861	-1	-0.011400393018113908	0.012586313171454847
17.1589473	1	0.1794757521826198	0.9885996069818861	-1	-0.011400393018113908	0.012586313171454847
17.1589473	1	0.1794757521826198	0.9885996069818861	-1	-0.011400393018113908	0.012586313171454847
17.2802286	1	0.1794757521826198	0.9885996069818861	-1	-0.011400393018113908	0.012586313171454847
17.2802286	1	0.17794177139473444	0.9885996069818861	-1	-0.011400393018113908	0.012586313171454847
17.4040303	1	0.17794177139473444	0.9908855178899106	-1	-0.009114482110089361	0.008685445084886684
17.4040303	1	0.17794177139473444	0.9908855178899106	-1	-0.009114482110089361	0.008685445084886684
17.5297713	1	0.17794177139473444	0.9908855178899106	-1	-0.009114482110089361	0.008685445084886684
17.5297713	1	0.1794757521826198	0.9908855178899106	-1	-0.009114482110089361	0.008685445084886684
17.6511737	1	0.1794757521826198	0.9885996069818861	-1	-0.011400393018113908	0.012586313171454847
17.6511737	1	0.17794177139473444	0.9885996069818861	-1	-0.011400393018113908	0.012586313171454847
17.7728955	1	0.17794177139473444	0.9908855178899106	-1	-0.009114482110089361	0.008685445084886684
17.7728955	1	0.17794177139473444	0.9908855178899106	-1	-0.009114482110089361	0.008685445084886684
17.896604	1	0.17794177139473444	0.9908855178899106	-1	-0.009114482110089361	0.008685445084886684
17.896604	1	0.17794177139473444	0.9908855178899106	-1	-0.009114482110089361	0.008685445084886684
18.0182429	1	0.17794177139473444	0.9908855178899106	-1	-0.009114482110089361	0.008685445084886684
18.0182429	1	0.1794757521826198	0.9908855178899106	-1	-0.009114482110089361	0.008685445084886684
18.1399241	1	0.1794757521826198	0.9885996069818861	-1	-0.011400393018113908	0.012586313171454847
18.1399241	1	0.1794757521826198	0.9885996069818861	-1	-0.011400393018113908	0.012586313171454847
18.2636855	1	0.1794757521826198	0.9885996069818861	-1	-0.011400393018113908	0.012586313171454847
18.2636855	1	0.17794177139473444	0.9885996069818861	-1	-0.011400393018113908	0.012586313171454847
18.3841786	1	0.17794177139473444	0.9908855178899106	-1	-0.009114482110089361	0.008685445084886684
18.3841786	1	0.1794757521826198	0.9908855178899106	-1	-0.009114482110089361	0.008685445084886684
18.5069537	1	0.1794757521826198	0.9885996069818861	-1	-0.011400393018113908	0.012586313171454847
18.5069537	1	0.17794177139473444	0.9885996069818861	-1	-0.011400393018113908	0.012586313171454847
18.6457156	1	0.17794177139473444	0.9908855178899106	-1	-0.009114482110089361	0.008685445084886684
18.6457156	1	0.17794177139473444	0.9908855178899106	-1	-0.009114482110089361	0.008685445084886684
18.7682917	1	0.17794177139473444	0.9908855178899106	-1	-0.009114482110089361	0.008685445084886684
18.7682917	1	0.17794177139473444	0.9908855178899106	-1	-0.009114482110089361	0.008685445084886684
18.8940015	1	0.17794177139473444	0.9908855178899106	-1	-0.009114482110089361	0.008685445084886684
18.8940015	1	0.17794177139473444	0.9908855178899106	-1	-0.009114482110089361	0.008685445084886684
19.0146248	1	0.17794177139473444	0.9908855178899106	-1	-0.009114482110089361	0.008685445084886684
19.0146248	1	0.1794757521826198	0.9908855178899106	-1	-0.009114482110089361	0.008685445084886684
19.1392839	1	0.1794757521826198	0.9885996069818861	-1	-0.011400393018113908	0.012586313171454847
19.1392839	1	0.1794757521826198	0.9885996069818861	-1	-0.011400393018113908	0.012586313171454847
19.2612099	1	0.1794757521826198	0.9885996069818861	-1	-0.011400393018113908	0.012586313171454847
19.2612099	1	0.17794177139473444	0.9885996069818861	-1	-0.011400393018113908	0.012586313171454847
19.3846603	1	0.17794177139473444	0.9908855178899106	-1	-0.009114482110089361	0.008685445084886684
19.3846603	1	0.17794177139473444	0.9908855178899106	-1	-0.009114482110089361	0.008685445084886684
19.5072614	1	0.17794177139473444	0.9908855178899106	-1	-0.009114482110089361	0.008685445084886684
19.5072614	1	0.1794757521826198	0.9908855178899106	-1	-0.009114482110089361	0.008685445084886684
19.6310138	1	0.1794757521826198	0.9885996069818861	-1	-0.011400393018113908	0.012586313171454847
19.6310138	1	0.1794757521826198	0.9885996069818861	-1	-0.011400393018113908	0.012586313171454847
19.7541548	1	0.1794757521826198	0.9885996069818861	-1	-0.011400393018113908	0.012586313171454847
19.7541548	1	0.1794757521826198	0.9885996069818861	-1	-0.011400393018113908	0.012586313171454847
19.8768492	1	0.1794757521826198	0.9885996069818861	-1	-0.011400393018113908	0.012586313171454847
19.8768492	1	0.17794177139473444	0.9885996069818861	-1	-0.011400393018113908	0.012586313171454847
19.999336	1	0.17794177139473444	0.9908855178899106	-1	-0.009114482110089361	0.008685445084886684
19.999336	1	0.1794757521826198	0.9908855178899106	-1	-0.009114482110089361	0.008685445084886684
20.1250864	1	0.1794757521826198	0.9885996069818861	-1	-0.011400393018113908	0.012586313171454847
20.1250864	1	0.1794757521826198	0.9885996069818861	-1	-0.011400393018113908	0.012586313171454847
20.2468866	1	0.1794757521826198	0.9885996069818861	-1	-0.011400393018113908	0.012586313171454847
20.2468866	1	0.1794757521826198	0.9885996069818861	-1	-0.011400393018113908	0.012586313171454847
20.3714056	1	0.1794757521826198	0.9885996069818861	-1	-0.011400393018113908	0.012586313171454847
20.3714056	1	0.17794177139473444	0.9885996069818861	-1	-0.011400393018113908	0.012586313171454847
20.4961983	1	0.17794177139473444	0.9908855178899106	-1	-0.009114482110089361	0.008685445084886684
20.4961983	1	0.1794757521826198	0.9908855178899106	-1	-0.009114482110089361	0.008685445084886684
20.6188956	1	0.1794757521826198	0.9885996069818861	-1	-0.011400393018113908	0.012586313171454847
20.6188956	1	0.1794757521826198	0.9885996069818861	-1	-0.011400393018113908	0.012586313171454847
20.7583383	1	0.1794757521826198	0.9885996069818861	-1	-0.011400393018113908	0.012586313171454847
20.7583383	1	0.1794757521826198	0.9885996069818861	-1	-0.011400393018113908	0.012586313171454847
20.8846743	1	0.1794757521826198	0.9885996069818861	-1	-0.011400393018113908	0.012586313171454847
20.8846743	1	0.17794177139473444	0.9885996069818861	-1	-0.011400393018113908	0.012586313171454847
21.0053269	1	0.17794177139473444	0.9908855178899106	-1	-0.009114482110089361	0.008685445084886684
21.0053269	1	0.1794757521826198	0.9908855178899106	-1	-0.009114482110089361	0.008685445084886684
21.1279854	1	0.1794757521826198	0.9885996069818861	-1	-0.011400393018113908	0.012586313171454847
21.1279854	1	0.17794177139473444	0.9885996069818861	-1	-0.011400393018113908	0.012586313171454847
21.2476883	1	0.17794177139473444	0.9908855178899106	-1	-0.009114482110089361	0.008685445084886684
21.2476883	1	0.17794177139473444	0.9908855178899106	-1	-0.009114482110089361	0.008685445084886684
21.3703302	1	0.17794177139473444	0.9908855178899106	-1	-0.009114482110089361	0.008685445084886684
21.3703302	1	0.17794177139473444	0.9908855178899106	-1	-0.009114482110089361	0.008685445084886684
21.4910115	1	0.17794177139473444	0.9908855178899106	-1	-0.009114482110089361	0.008685445084886684
21.4910115	1	0.1794757521826198	0.9908855178899106	-1	-0.009114482110089361	0.008685445084886684
21.6166613	1	0.1794757521826198	0.9885996069818861	-1	-0.011400393018113908	0.012586313171454847
21.6166613	1	0.17794177139473444	0.9885996069818861	-1	-0.011400393018113908	0.012586313171454847
21.740345	1	0.17794177139473444	0.9908855178899106	-1	-0.009114482110089361	0.008685445084886684
21.740345	1	0.1794757521826198	0.9908855178899106	-1	-0.009114482110089361	0.008685445084886684
21.8621111	1	0.1794757521826198	0.9885996069818861	-1	-0.011400393018113908	0.012586313171454847
21.8621111	1	0.17794177139473444	0.9885996069818861	-1	-0.011400393018113908	0.012586313171454847
21.9857575	1	0.17794177139473444	0.9908855178899106	-1	-0.009114482110089361	0.008685445084886684
21.9857575	1	0.17794177139473444	0.9908855178899106	-1	-0.009114482110089361	0.008685445084886684
22.1075589	1	0.17794177139473444	0.9908855178899106	-1	-0.009114482110089361	0.008685445084886684
22.1075589	1	0.17794177139473444	0.9908855178899106	-1	-0.009114482110089361	0.008685445084886684
22.2290714	1	0.17794177139473444	0.9908855178899106	-1	-0.009114482110089361	0.008685445084886684
22.2290714	1	0.17794177139473444	0.9908855178899106	-1	-0.009114482110089361	0.008685445084886684
22.3527454	1	0.17794177139473444	0.9908855178899106	-1	-0.009114482110089361	0.008685445084886684
22.3527454	1	0.1794757521826198	0.9908855178899106	-1	-0.009114482110089361	0.008685445084886684
22.47536	1	0.1794757521826198	0.9885996069818861	-1	-0.011400393018113908	0.012586313171454847
22.47536	1	0.17794177139473444	0.9885996069818861	-1	-0.011400393018113908	0.012586313171454847
22.5960746	1	0.17794177139473444	0.9908855178899106	-1	-0.009114482110089361	0.008685445084886684
22.5960746	1	0.1794757521826198	0.9908855178899106	-1	-0.009114482110089361	0.008685445084886684
22.7167638	1	0.1794757521826198	0.9885996069818861	-1	-0.011400393018113908	0.012586313171454847
22.7167638	1	0.17794177139473444	0.9885996069818861	-1	-0.011400393018113908	0.012586313171454847
22.8374864	1	0.17794177139473444	0.9908855178899106	-1	-0.009114482110089361	0.008685445084886684
22.8374864	1	0.1794757521826198	0.9908855178899106	-1	-0.009114482110089361	0.008685445084886684
22.9591284	1	0.1794757521826198	0.9885996069818861	-1	-0.011400393018113908	0.012586313171454847
22.9591284	1	0.17794177139473444	0.9885996069818861	-1	-0.011400393018113908	0.012586313171454847
23.0807681	1	0.17794177139473444	0.9908855178899106	-1	-0.009114482110089361	0.008685445084886684
23.0807681	1	0.1794757521826198	0.9908855178899106	-1	-0.009114482110089361	0.008685445084886684
23.2054605	1	0.1794757521826198	0.9885996069818861	-1	-0.011400393018113908	0.012586313171454847
23.2054605	1	0.1794757521826198	0.9885996069818861	-1	-0.011400393018113908	0.012586313171454847
23.3261141	1	0.1794757521826198	0.9885996069818861	-1	-0.011400393018113908	0.012586313171454847
23.3261141	1	0.17794177139473444	0.9885996069818861	-1	-0.011400393018113908	0.012586313171454847
23.4508042	1	0.17794177139473444	0.9908855178899106	-1	-0.009114482110089361	0.008685445084886684
23.4508042	1	0.17794177139473444	0.9908855178899106	-1	-0.009114482110089361	0.008685445084886684
23.5734787	1	0.17794177139473444	0.9908855178899106	-1	-0.009114482110089361	0.008685445084886684
23.5734787	1	0.17794177139473444	0.9908855178899106	-1	-0.009114482110089361	0.008685445084886684
23.6932	1	0.17794177139473444	0.9908855178899106	-1	-0.009114482110089361	0.008685445084886684
23.6932	1	0.17794177139473444	0.9908855178899106	-1	-0.009114482110089361	0.008685445084886684
23.8168165	1	0.17794177139473444	0.9908855178899106	-1	-0.009114482110089361	0.008685445084886684
23.8168165	1	0.17794177139473444	0.9908855178899106	-1	-0.009114482110089361	0.008685445084886684
23.941463	1	0.17794177139473444	0.9908855178899106	-1	-0.009114482110089361	0.008685445084886684
23.941463	1	0.17794177139473444	0.9908855178899106	-1	-0.009114482110089361	0.008685445084886684
24.0643011	1	0.17794177139473444	0.9908855178899106	-1	-0.009114482110089361	0.008685445084886684
24.0643011	1	0.17794177139473444	0.9908855178899106	-1	-0.009114482110089361	0.008685445084886684
24.1898205	1	0.17794177139473444	0.9908855178899106	-1	-0.009114482110089361	0.008685445084886684
24.1898205	1	0.1794757521826198	0.9908855178899106	-1	-0.009114482110089361	0.008685445084886684
24.3114891	1	0.1794757521826198	0.9885996069818861	-1	-0.011400393018113908	0.012586313171454847
24.3114891	1	0.1794757521826198	0.9885996069818861	-1	-0.011400393018113908	0.012586313171454847
24.4352045	1	0.1794757521826198	0.9885996069818861	-1	-0.011400393018113908	0.012586313171454847
24.4352045	1	0.1794757521826198	0.9885996069818861	-1	-0.011400393018113908	0.012586313171454847
24.5589411	1	0.1794757521826198	0.9885996069818861	-1	-0.011400393018113908	0.012586313171454847
24.5589411	1	0.1794757521826198	0.9885996069818861	-1	-0.011400393018113908	0.012586313171454847
24.6804883	1	0.1794757521826198	0.9885996069818861	-1	-0.011400393018113908	0.012586313171454847
24.6804883	1	0.17794177139473444	0.9885996069818861	-1	-0.011400393018113908	0.012586313171454847
24.8002376	1	0.17794177139473444	0.9908855178899106	-1	-0.009114482110089361	0.008685445084886684
24.8002376	1	0.1794757521826198	0.9908855178899106	-1	-0.009114482110089361	0.008685445084886684
24.924894	1	0.1794757521826198	0.9885996069818861	-1	-0.011400393018113908	0.012586313171454847
24.924894	1	0.1794757521826198	0.9885996069818861	-1	-0.011400393018113908	0.012586313171454847
25.0474951	1	0.1794757521826198	0.9885996069818861	-1	-0.011400393018113908	0.012586313171454847
25.0474951	1	0.1794757521826198	0.9885996069818861	-1	-0.011400393018113908	0.012586313171454847
25.1702326	1	0.1794757521826198	0.9885996069818861	-1	-0.011400393018113908	0.012586313171454847
25.1702326	1	0.1794757521826198	0.9885996069818861	-1	-0.011400393018113908	0.012586313171454847
25.2928625	1	0.1794757521826198	0.9885996069818861	-1	-0.011400393018113908	0.012586313171454847
25.2928625	1	0.1794757521826198	0.9885996069818861	-1	-0.011400393018113908	0.012586313171454847
25.4175593	1	0.1794757521826198	0.9885996069818861	-1	-0.011400393018113908	0.012586313171454847
25.4175593	1	0.17794177139473444	0.9885996069818861	-1	-0.011400393018113908	0.012586313171454847
25.5563459	1	0.17794177139473444	0.9908855178899106	-1	-0.009114482110089361	0.008685445084886684
25.5563459	1	0.17794177139473444	0.9908855178899106	-1	-0.009114482110089361	0.008685445084886684
25.6789261	1	0.17794177139473444	0.9908855178899106	-1	-0.009114482110089361	0.008685445084886684
25.6789261	1	0.1794757521826198	0.9908855178899106	-1	-0.009114482110089361	0.008685445084886684
25.7995618	1	0.1794757521826198	0.9885996069818861	-1	-0.011400393018113908	0.012586313171454847
25.7995618	1	0.1794757521826198	0.9885996069818861	-1	-0.011400393018113908	0.012586313171454847
25.7995618	1	0.1794757521826198	0.9885996069818861	-1	-0.011400393018113908	0.012586313171454847
25.9382206	1	0.1794757521826198	0.9885996069818861	-1	-0.011400393018113908	0.012586313171454847
25.9382206	1	0.1794757521826198	0.9885996069818861	-1	-0.011400393018113908	0.012586313171454847
26.0600093	1	0.1794757521826198	0.9885996069818861	-1	-0.011400393018113908	0.012586313171454847
26.0600093	1	0.1794757521826198	0.9885996069818861	-1	-0.011400393018113908	0.012586313171454847
26.1835628	1	0.1794757521826198	0.9885996069818861	-1	-0.011400393018113908	0.012586313171454847
26.1835628	1	0.1794757521826198	0.9885996069818861	-1	-0.011400393018113908	0.012586313171454847
26.3074522	1	0.1794757521826198	0.9885996069818861	-1	-0.011400393018113908	0.012586313171454847
26.3074522	1	0.17794177139473444	0.9885996069818861	-1	-0.011400393018113908	0.012586313171454847
26.4307607	1	0.17794177139473444	0.9908855178899106	-1	-0.009114482110089361	0.008685445084886684
26.4307607	1	0.1794757521826198	0.9908855178899106	-1	-0.009114482110089361	0.008685445084886684
26.5544409	1	0.1794757521826198	0.9885996069818861	-1	-0.011400393018113908	0.012586313171454847
26.5544409	1	0.17794177139473444	0.9885996069818861	-1	-0.011400393018113908	0.012586313171454847
26.6741958	1	0.17794177139473444	0.9908855178899106	-1	-0.009114482110089361	0.008685445084886684
26.6741958	1	0.1794757521826198	0.9908855178899106	-1	-0.009114482110089361	0.008685445084886684
26.7977698	1	0.1794757521826198	0.9885996069818861	-1	-0.011400393018113908	0.012586313171454847
26.7977698	1	0.1794757521826198	0.9885996069818861	-1	-0.011400393018113908	0.012586313171454847
26.9205099	1	0.1794757521826198	0.9885996069818861	-1	-0.011400393018113908	0.012586313171454847
26.9205099	1	0.17794177139473444	0.9885996069818861	-1	-0.011400393018113908	0.012586313171454847
27.0452042	1	0.17794177139473444	0.9908855178899106	-1	-0.009114482110089361	0.008685445084886684
27.0452042	1	0.17794177139473444	0.9908855178899106	-1	-0.009114482110089361	0.008685445084886684
27.1688356	1	0.17794177139473444	0.9908855178899106	-1	-0.009114482110089361	0.008685445084886684
27.1688356	1	0.17794177139473444	0.9908855178899106	-1	-0.009114482110089361	0.008685445084886684
27.2904513	1	0.17794177139473444	0.9908855178899106	-1	-0.009114482110089361	0.008685445084886684
27.2904513	1	0.1794757521826198	0.9908855178899106	-1	-0.009114482110089361	0.008685445084886684
27.4161227	1	0.1794757521826198	0.9885996069818861	-1	-0.011400393018113908	0.012586313171454847
27.4161227	1	0.1794757521826198	0.9885996069818861	-1	-0.011400393018113908	0.012586313171454847
27.5378352	1	0.1794757521826198	0.9885996069818861	-1	-0.011400393018113908	0.012586313171454847
27.5378352	1	0.17794177139473444	0.9885996069818861	-1	-0.011400393018113908	0.012586313171454847
27.661421	1	0.17794177139473444	0.9908855178899106	-1	-0.009114482110089361	0.008685445084886684
27.661421	1	0.17487380981896328	0.9908855178899106	-1	-0.009114482110089361	0.008685445084886684
27.7852107	1	0.17487380981896328	0.9977144035357877	-1	-0.002285596464212336	0.0008695903294036185
27.7852107	1	0.17333982903107747	0.9977144035357877	-1	-0.002285596464212336	0.0008695903294036185
27.9068768	1	0.17333982903107747	1.0048425594752906	-1	0.004842559475290553	-0.0030453963395112877
27.9068768	1	0.17180584824319167	1.0048425594752906	-1	0.004842559475290553	-0.0030453963395112877
28.0325317	1	0.17180584824319167	1.007945536788746	-1	0.007945536788745988	-0.006965089202541399
28.0325317	1	0.17180584824319167	1.007945536788746	-1	0.007945536788745988	-0.006965089202541399
28.1563481	1	0.17180584824319167	1.007945536788746	-1	0.007945536788745988	-0.006965089202541399
28.1563481	1	0.17333982903107747	1.007945536788746	-1	0.007945536788745988	-0.006965089202541399
28.2817751	1	0.17333982903107747	1.0048425594752906	-1	0.004842559475290553	-0.0030453963395112877
28.2817751	1	0.17180584824319167	1.0048425594752906	-1	0.004842559475290553	-0.0030453963395112877
28.4205847	1	0.17180584824319167	1.007945536788746	-1	0.007945536788745988	-0.006965089202541399
28.4205847	1	0.17180584824319167	1.007945536788746	-1	0.007945536788745988	-0.006965089202541399
28.5442431	1	0.17180584824319167	1.007945536788746	-1	0.007945536788745988	-0.006965089202541399
28.5442431	1	0.17333982903107747	1.007945536788746	-1	0.007945536788745988	-0.006965089202541399
28.6678785	1	0.17333982903107747	1.0048425594752906	-1	0.004842559475290553	-0.0030453963395112877
28.6678785	1	0.17333982903107747	1.0048425594752906	-1	0.004842559475290553	-0.0030453963395112877
28.792605	1	0.17333982903107747	1.0048425594752906	-1	0.004842559475290553	-0.0030453963395112877
28.792605	1	0.17180584824319167	1.0048425594752906	-1	0.004842559475290553	-0.0030453963395112877
28.9162794	1	0.17180584824319167	1.007945536788746	-1	0.007945536788745988	-0.006965089202541399
28.9162794	1	0.17180584824319167	1.007945536788746	-1	0.007945536788745988	-0.006965089202541399
29.0399061	1	0.17180584824319167	1.007945536788746	-1	0.007945536788745988	-0.006965089202541399
29.0399061	1	0.17333982903107747	1.007945536788746	-1	0.007945536788745988	-0.006965089202541399
29.1598485	1	0.17333982903107747	1.0048425594752906	-1	0.004842559475290553	-0.0030453963395112877
29.1598485	1	0.17180584824319167	1.0048425594752906	-1	0.004842559475290553	-0.0030453963395112877
29.281305	1	0.17180584824319167	1.007945536788746	-1	0.007945536788745988	-0.006965089202541399
29.281305	1	0.17180584824319167	1.007945536788746	-1	0.007945536788745988	-0.006965089202541399
29.4059462	1	0.17180584824319167	1.007945536788746	-1	0.007945536788745988	-0.006965089202541399
29.4059462	1	0.17180584824319167	1.007945536788746	-1	0.007945536788745988	-0.006965089202541399
29.530624	1	0.17180584824319167	1.007945536788746	-1	0.007945536788745988	-0.006965089202541399
29.530624	1	0.17180584824319167	1.007945536788746	-1	0.007945536788745988	-0.006965089202541399
29.6542492	1	0.17180584824319167	1.007945536788746	-1	0.007945536788745988	-0.006965089202541399
29.6542492	1	0.17180584824319167	1.007945536788746	-1	0.007945536788745988	-0.006965089202541399
29.7779739	1	0.17180584824319167	1.007945536788746	-1	0.007945536788745988	-0.006965089202541399
29.7779739	1	0.17180584824319167	1.007945536788746	-1	0.007945536788745988	-0.006965089202541399
29.9036462	1	0.17180584824319167	1.007945536788746	-1	0.007945536788745988	-0.006965089202541399
29.9036462	1	0.17180584824319167	1.007945536788746	-1	0.007945536788745988	-0.006965089202541399
