time	mode	theta	u	uh	u+uh	h
5E-06	0	2.604699377829819	0	0	0	0
5E-06	0	2.604699377829819	0	0	0	0
5E-06	0	2.604699377829819	0	0	0	0
0.1347089	0	2.604699377829819	0	0	0	0
0.1347089	0	2.604699377829819	0	0	0	0
0.2587922	0	2.604699377829819	0	0	0	0
0.2587922	0	2.604699377829819	0	0	0	0
0.3813656	0	2.604699377829819	0	0	0	0
0.3813656	0	2.604699377829819	0	0	0	0
0.5062285	0	2.604699377829819	0	0	0	0
0.5062285	0	2.604699377829819	0	0	0	0
0.6300382	0	2.604699377829819	0	0	0	0
0.6300382	0	2.604699377829819	0	0	0	0
0.7525243	0	2.604699377829819	0	0	0	0
0.7525243	0	2.604699377829819	0	0	0	0
0.8743934	0	2.604699377829819	0	0	0	0
0.8743934	0	2.604699377829819	0	0	0	0
0.9987622	0	2.604699377829819	0	0	0	0
0.9987622	0	2.604699377829819	0	0	0	0
1.1232363	0	2.604699377829819	0	0	0	0
1.1232363	0	2.604699377829819	0	0	0	0
1.2472743	0	2.604699377829819	0	0	0	0
1.2472743	0	2.604699377829819	0	0	0	0
1.3713765	0	2.604699377829819	0	0	0	0
1.3713765	0	2.604699377829819	0	0	0	0
1.4948874	0	2.604699377829819	0	0	0	0
1.4948874	0	2.604699377829819	0	0	0	0
1.6177901	0	2.604699377829819	0	0	0	0
1.6177901	0	2.604699377829819	0	0	0	0
1.7405207	0	2.604699377829819	0	0	0	0
1.7405207	0	2.604699377829819	0	0	0	0
1.8640573	0	2.604699377829819	0	0	0	0
1.8640573	0	2.604699377829819	0	0	0	0
1.9866856	0	2.604699377829819	0	0	0	0
1.9866856	0	2.604699377829819	0	0	0	0
2.1097326	0	2.604699377829819	0	0	0	0
2.1097326	0	2.6031653970419333	0	0	0	0
2.2332216	0	2.6031653970419333	0	0	0	0
2.2332216	0	2.604699377829819	0	0	0	0
2.358845	0	2.604699377829819	0	0	0	0
2.358845	0	2.604699377829819	0	0	0	0
2.4831734	0	2.604699377829819	0	0	0	0
2.4831734	0	2.604699377829819	0	0	0	0
2.6077438	0	2.604699377829819	0	0	0	0
2.6077438	0	2.604699377829819	0	0	0	0
2.7309172	0	2.604699377829819	0	0	0	0
2.7309172	0	2.604699377829819	0	0	0	0
2.8533453	0	2.604699377829819	0	0	0	0
2.8533453	0	2.604699377829819	0	0	0	0
2.9768552	0	2.604699377829819	0	0	0	0
2.9768552	0	2.604699377829819	0	0	0	0
3.1010822	0	2.604699377829819	0	0	0	0
3.1010822	0	2.604699377829819	0	0	0	0
3.2259982	0	2.604699377829819	0	0	0	0
3.2259982	0	2.604699377829819	0	0	0	0
3.3498404	0	2.604699377829819	0	0	0	0
3.3498404	0	2.604699377829819	0	0	0	0
3.4747134	0	2.604699377829819	0	0	0	0
3.4747134	0	2.604699377829819	0	0	0	0
3.6141488	0	2.604699377829819	0	0	0	0
3.6141488	0	2.604699377829819	0	0	0	0
3.7380719	0	2.604699377829819	0	0	0	0
3.7380719	0	2.604699377829819	0	0	0	0
3.8632121	0	2.604699377829819	0	0	0	0
3.8632121	0	2.604699377829819	0	0	0	0
3.9882876	0	2.604699377829819	0	0	0	0
3.9882876	0	2.604699377829819	0	0	0	0
4.1107855	0	2.604699377829819	0	0	0	0
4.1107855	0	2.604699377829819	0	0	0	0
4.2350412	0	2.604699377829819	0	0	0	0
4.2350412	0	2.604699377829819	0	0	0	0
4.3596869	0	2.604699377829819	0	0	0	0
4.3596869	0	2.604699377829819	0	0	0	0
4.481411	0	2.604699377829819	0	0	0	0
4.481411	0	2.604699377829819	0	0	0	0
4.6043747	0	2.604699377829819	0	0	0	0
4.6043747	0	2.604699377829819	0	0	0	0
4.7275146	0	2.604699377829819	0	0	0	0
4.7275146	0	2.604699377829819	0	0	0	0
4.8502217	0	2.604699377829819	0	0	0	0
4.8502217	0	2.604699377829819	0	0	0	0
4.9742444	0	2.604699377829819	0	0	0	0
4.9742444	0	2.604699377829819	0	0	0	0
5.098236	1	2.604699377829819	0	-1	-1	0.29442887719144284
5.098236	1	2.59702947389039	0	-1	-1	0.29442887719144284
5.2225707	1	2.59702947389039	0	-1	-1	0.3120799392981398
5.2225707	1	2.4697090684958827	0	-1	-1	0.3120799392981398
5.3457652	1	2.4697090684958827	0	-1	-1	0.5879005493605509
5.3457652	1	2.320912932070975	0	-1	-1	0.5879005493605509
5.4701161	1	2.320912932070975	0	-1	-1	0.8691600431210099
5.4701161	1	2.198194469040124	0	-1	-1	0.8691600431210099
5.5938338	1	2.198194469040124	0	-1	-1	1.0678067815774916
5.5938338	1	2.0708740636456158	0	-1	-1	1.0678067815774916
5.7176431	1	2.0708740636456158	0	-1	-1	1.2420677226337913
5.7176431	1	1.9420196774632217	0	-1	-1	1.2420677226337913
5.841625	1	1.9420196774632217	0	-1	-1	1.3854189475763636
5.841625	1	1.8131652912808276	0	-1	-1	1.3854189475763636
5.9647903	1	1.8131652912808276	0	-1	-1	1.4955632668420529
5.9647903	1	1.688912847462091	0	-1	-1	1.4955632668420529
6.0879452	1	1.688912847462091	0	-1	-1	1.5703247182448272
6.0879452	1	1.5615924420675826	0	-1	-1	1.5703247182448272
6.2110358	1	1.5615924420675826	0	-1	-1	1.6149017742625515
6.2110358	1	1.437339998248846	0	-1	-1	1.6149017742625515
6.3504321	1	1.437339998248846	0	-1	-1	1.6271461430389496
6.3504321	1	1.2962137657633672	0	-1	-1	1.6271461430389496
6.4742452	1	1.2962137657633672	0.5689152325583595	-1	-0.4310847674416405	1.6036014345593943
6.4742452	1	1.178097245096172	0.5689152325583595	-1	-0.4310847674416405	1.6036014345593943
6.5991591	1	1.178097245096172	0.7606709151543777	-1	-0.23932908484562232	1.5532746852344055
6.5991591	1	1.1366797638232597	0.7606709151543777	-1	-0.23932908484562232	1.5532746852344055
6.7242783	1	1.1366797638232597	0.7942401861992009	-1	-0.2057598138007991	1.5290201467255586
6.7242783	1	1.107534128853433	0.7942401861992009	-1	-0.2057598138007991	1.5290201467255586
6.848613	1	1.107534128853433	0.8131578735707111	-1	-0.18684212642928888	1.5098955313169147
6.848613	1	1.081456455459377	0.8131578735707111	-1	-0.18684212642928888	1.5098955313169147
6.9728019	1	1.081456455459377	0.8276547794944451	-1	-0.1723452205055549	1.4913439379204543
6.9728019	1	1.056912762853207	0.8276547794944451	-1	-0.1723452205055549	1.4913439379204543
7.097346	1	1.056912762853207	0.8396293616485393	-1	-0.1603706383514607	1.4726411794773717
7.097346	1	1.0369710126106932	0.8396293616485393	-1	-0.1603706383514607	1.4726411794773717
7.2201508	1	1.0369710126106932	0.8483710476675966	-1	-0.15162895233240337	1.4565580706516508
7.2201508	1	1.0154952815802947	0.8483710476675966	-1	-0.15162895233240337	1.4565580706516508
7.3418153	1	1.0154952815802947	0.8569459976388176	-1	-0.14305400236118238	1.4383483289207935
7.3418153	1	0.9986214929135526	0.8569459976388176	-1	-0.14305400236118238	1.4383483289207935
7.4670843	1	0.9986214929135526	0.8631523200483934	-1	-0.13684767995160663	1.4233935730128506
7.4670843	1	0.9817477042468106	0.8631523200483934	-1	-0.13684767995160663	1.4233935730128506
7.5918354	1	0.9817477042468106	0.8689468267894365	-1	-0.13105317321056353	1.407869367616968
7.5918354	1	0.9633399347921827	0.8689468267894365	-1	-0.13105317321056353	1.407869367616968
7.7164218	1	0.9633399347921827	0.874849286728219	-1	-0.12515071327178096	1.3902844160335612
7.7164218	1	0.9480001269133265	0.874849286728219	-1	-0.12515071327178096	1.3902844160335612
7.8410811	1	0.9480001269133265	0.8794682429182733	-1	-0.1205317570817267	1.3751126083613834
7.8410811	1	0.9341942998223551	0.8794682429182733	-1	-0.1205317570817267	1.3751126083613834
7.9660223	1	0.9341942998223551	0.8834141047513997	-1	-0.1165858952486003	1.3610556018595725
7.9660223	1	0.9188544919434989	0.8834141047513997	-1	-0.1165858952486003	1.3610556018595725
8.0901905	1	0.9188544919434989	0.8875837245134514	-1	-0.11241627548654864	1.3449896173055058
8.0901905	1	0.9050486648525284	0.8875837245134514	-1	-0.11241627548654864	1.3449896173055058
8.2156489	1	0.9050486648525284	0.8911587110099748	-1	-0.10884128899002521	1.3301278516099961
8.2156489	1	0.8881748761857864	0.8911587110099748	-1	-0.10884128899002521	1.3301278516099961
8.341537	1	0.8881748761857864	0.8953187117953318	-1	-0.10468128820466815	1.3114457899628111
8.341537	1	0.8759030298827009	0.8953187117953318	-1	-0.10468128820466815	1.3114457899628111
8.4649196	1	0.8759030298827009	0.8982105861515596	-1	-0.10178941384844042	1.2975011652848298
8.4649196	1	0.8636311835796162	0.8982105861515596	-1	-0.10178941384844042	1.2975011652848298
8.5896586	1	0.8636311835796162	0.9009981594172439	-1	-0.09900184058275607	1.2832553441834764
8.5896586	1	0.8498253564886453	0.9009981594172439	-1	-0.09900184058275607	1.2832553441834764
8.7145619	1	0.8498253564886453	0.9040177499173011	-1	-0.0959822500826989	1.2668687715946398
8.7145619	1	0.8406214717613314	0.9040177499173011	-1	-0.0959822500826989	1.2668687715946398
8.8402737	1	0.8406214717613314	0.9059664422271626	-1	-0.0940335577728374	1.2557326111335645
8.8402737	1	0.8268156446703605	0.9059664422271626	-1	-0.0940335577728374	1.2557326111335645
8.9658686	1	0.8268156446703605	0.9087988810255733	-1	-0.09120111897442673	1.2387107023391755
8.9658686	1	0.8145437983672754	0.9087988810255733	-1	-0.09120111897442673	1.2387107023391755
9.0899414	1	0.8145437983672754	0.9112306481516765	-1	-0.08876935184832346	1.2232600955443291
9.0899414	1	0.8053399136399615	0.9112306481516765	-1	-0.08876935184832346	1.2232600955443291
9.2139323	1	0.8053399136399615	0.9130044457519504	-1	-0.08699555424804961	1.2114744802953556
9.2139323	1	0.791534086548991	0.9130044457519504	-1	-0.08699555424804961	1.2114744802953556
9.3379908	1	0.791534086548991	0.9155893086052092	-1	-0.08441069139479085	1.1934783893191196
9.3379908	1	0.7777282594580202	0.9155893086052092	-1	-0.08441069139479085	1.1934783893191196
9.4624005	1	0.7777282594580202	0.9180884902183132	-1	-0.08191150978168682	1.1751010966195516
9.4624005	1	0.770058355518592	0.9180884902183132	-1	-0.08191150978168682	1.1751010966195516
9.5875227	1	0.770058355518592	0.9194419666563843	-1	-0.08055803334361566	1.1647267727702042
9.5875227	1	0.7593204900033923	0.9194419666563843	-1	-0.08055803334361566	1.1647267727702042
9.7123825	1	0.7593204900033923	0.9212970037326983	-1	-0.0787029962673017	1.1500050592282784
9.7123825	1	0.7501166052760784	0.9212970037326983	-1	-0.0787029962673017	1.1500050592282784
9.8377145	1	0.7501166052760784	0.9228516433778302	-1	-0.07714835662216979	1.1372029060504207
9.8377145	1	0.7393787397608791	0.9228516433778302	-1	-0.07714835662216979	1.1372029060504207
9.959889	1	0.7393787397608791	0.924626059327473	-1	-0.075373940672527	1.1220529288440122
9.959889	1	0.7332428166093363	0.924626059327473	-1	-0.075373940672527	1.1220529288440122
10.0845698	1	0.7332428166093363	0.9256217617725693	-1	-0.07437823822743073	1.1132922627412436
10.0845698	1	0.722504951094137	0.9256217617725693	-1	-0.07437823822743073	1.1132922627412436
10.2085184	1	0.722504951094137	0.9273336599329274	-1	-0.07266634006707262	1.0977799085879643
10.2085184	1	0.7117670855789373	0.9273336599329274	-1	-0.07266634006707262	1.0977799085879643
10.3337254	1	0.7117670855789373	0.9290082801601383	-1	-0.07099171983986174	1.0820369509230392
10.3337254	1	0.7040971816395092	0.9290082801601383	-1	-0.07099171983986174	1.0820369509230392
10.4556895	1	0.7040971816395092	0.9301826310073708	-1	-0.06981736899262925	1.0706507953389228
10.4556895	1	0.6964272777000811	0.9301826310073708	-1	-0.06981736899262925	1.0706507953389228
10.5795724	1	0.6964272777000811	0.931339534845415	-1	-0.06866046515458502	1.0591469849019262
10.5795724	1	0.6872233929727671	0.931339534845415	-1	-0.06866046515458502	1.0591469849019262
10.7030752	1	0.6872233929727671	0.9327056534179345	-1	-0.06729434658206546	1.045187107971728
10.7030752	1	0.6764855274575678	0.9327056534179345	-1	-0.06729434658206546	1.045187107971728
10.8254247	1	0.6764855274575678	0.9342701832259078	-1	-0.06572981677409218	1.0286864530542559
10.8254247	1	0.6688156235181397	0.9342701832259078	-1	-0.06572981677409218	1.0286864530542559
10.946551	1	0.6688156235181397	0.9353692179831264	-1	-0.06463078201687356	1.0167590851468908
10.946551	1	0.6611457195787112	0.9353692179831264	-1	-0.06463078201687356	1.0167590851468908
11.0706859	1	0.6611457195787112	0.9364534651714946	-1	-0.06354653482850536	1.0047140623866448
11.0706859	1	0.6519418348513977	0.9364534651714946	-1	-0.06354653482850536	1.0047140623866448
11.1947991	1	0.6519418348513977	0.9377357817956196	-1	-0.06226421820438044	0.9901047306685494
11.1947991	1	0.6412039693361979	0.9377357817956196	-1	-0.06226421820438044	0.9901047306685494
11.3197501	1	0.6412039693361979	0.9392070309916468	-1	-0.06079296900835318	0.9728463784985285
11.3197501	1	0.6335340653967698	0.9392070309916468	-1	-0.06079296900835318	0.9728463784985285
11.4441719	1	0.6335340653967698	0.9402422851536324	-1	-0.059757714846367604	0.960377798267915
11.4441719	1	0.627398142245227	0.9402422851536324	-1	-0.059757714846367604	0.960377798267915
11.5675557	1	0.627398142245227	0.9410614696903281	-1	-0.05893853030967189	0.9503182225893501
11.5675557	1	0.6212622190936847	0.9410614696903281	-1	-0.05893853030967189	0.9503182225893501
11.6914998	1	0.6212622190936847	0.9418728931985395	-1	-0.05812710680146049	0.9401833478049425
11.6914998	1	0.6135923151542566	0.9418728931985395	-1	-0.05812710680146049	0.9401833478049425
11.8170917	1	0.6135923151542566	0.9428766095790833	-1	-0.05712339042091674	0.9274088649568407
11.8170917	1	0.610524353578485	0.9428766095790833	-1	-0.05712339042091674	0.9274088649568407
11.9421643	1	0.610524353578485	0.9432749004623481	-1	-0.056725099537651924	0.922266128458793
11.9421643	1	0.6013204688511715	0.9432749004623481	-1	-0.056725099537651924	0.922266128458793
12.0681702	1	0.6013204688511715	0.9444591759156217	-1	-0.055540824084378326	0.9067249703058871
12.0681702	1	0.5982525072753999	0.9444591759156217	-1	-0.055540824084378326	0.9067249703058871
12.1927291	1	0.5982525072753999	0.944850492499898	-1	-0.055149507500101946	0.9015069347019959
12.1927291	1	0.5905826033359718	0.944850492499898	-1	-0.055149507500101946	0.9015069347019959
12.1927291	1	0.5905826033359718	0.944850492499898	-1	-0.055149507500101946	0.9015069347019959
12.3342573	1	0.5905826033359718	0.9458215077472213	-1	-0.05417849225277871	0.8883794872952538
12.3342573	1	0.5875146417602006	0.9458215077472213	-1	-0.05417849225277871	0.8883794872952538
12.4596197	1	0.5875146417602006	0.9462070722500231	-1	-0.053792927749976904	0.8830955649737506
12.4596197	1	0.5767767762450009	0.9462070722500231	-1	-0.053792927749976904	0.8830955649737506
12.5841925	1	0.5767767762450009	0.947544235038228	-1	-0.052455764961771956	0.8644535917338596
12.5841925	1	0.5737088146692297	0.947544235038228	-1	-0.052455764961771956	0.8644535917338596
12.7063034	1	0.5737088146692297	0.9479228683268234	-1	-0.052077131673176624	0.8590849579182828
12.7063034	1	0.5675728915176874	0.9479228683268234	-1	-0.052077131673176624	0.8590849579182828
12.8294348	1	0.5675728915176874	0.948675746725797	-1	-0.05132425327420298	0.8482912159577467
12.8294348	1	0.5614369683661447	0.948675746725797	-1	-0.05132425327420298	0.8482912159577467
12.9530762	1	0.5614369683661447	0.9494229387003384	-1	-0.05057706129966155	0.8374221748913665
12.9530762	1	0.5568350260024877	0.9494229387003384	-1	-0.05057706129966155	0.8374221748913665
13.0763112	1	0.5568350260024877	0.9499797184478623	-1	-0.05002028155213767	0.829220979053372
13.0763112	1	0.5491651220630596	0.9499797184478623	-1	-0.05002028155213767	0.829220979053372
13.1989541	1	0.5491651220630596	0.9509010416295578	-1	-0.0490989583704422	0.8154581954410772
13.1989541	1	0.5460971604872884	0.9509010416295578	-1	-0.0490989583704422	0.8154581954410772
13.3232197	1	0.5460971604872884	0.9512673154982705	-1	-0.04873268450172952	0.809920138637353
13.3232197	1	0.5338253141842033	0.9512673154982705	-1	-0.04873268450172952	0.809920138637353
13.447589	1	0.5338253141842033	0.9527201135713429	-1	-0.0472798864286571	0.7875796636578474
13.447589	1	0.5307573526084317	0.9527201135713429	-1	-0.0472798864286571	0.7875796636578474
13.572822	1	0.5307573526084317	0.9530803557918827	-1	-0.04691964420811734	0.7819474829718183
13.572822	1	0.5246214294568894	0.9530803557918827	-1	-0.04691964420811734	0.7819474829718183
13.695301	1	0.5246214294568894	0.9537974541674735	-1	-0.046202545832526476	0.7706266472703793
13.695301	1	0.5200194870932324	0.9537974541674735	-1	-0.046202545832526476	0.7706266472703793
13.8199069	1	0.5200194870932324	0.9543324060763276	-1	-0.04566759392367237	0.76208660545609
13.8199069	1	0.5123495831538043	0.9543324060763276	-1	-0.04566759392367237	0.76208660545609
13.9444391	1	0.5123495831538043	0.9552187524040054	-1	-0.044781247595994556	0.7477590785499707
13.9444391	1	0.5062136600022615	0.9552187524040054	-1	-0.044781247595994556	0.7477590785499707
14.068048	1	0.5062136600022615	0.9559233196896688	-1	-0.044076680310331184	0.7362123455310011
14.068048	1	0.5000777368507192	0.9559233196896688	-1	-0.044076680310331184	0.7362123455310011
14.193092	1	0.5000777368507192	0.9566240767079198	-1	-0.043375923292080176	0.7245903134061891
14.193092	1	0.49394181369917645	0.9566240767079198	-1	-0.043375923292080176	0.7245903134061891
14.3169284	1	0.49394181369917645	0.9573212066062796	-1	-0.04267879339372038	0.7128929821755329
14.3169284	1	0.4893398713355195	0.9573212066062796	-1	-0.04267879339372038	0.7128929821755329
14.4420712	1	0.4893398713355195	0.9578417840703685	-1	-0.04215821592963154	0.7040705687143313
14.4420712	1	0.48320394818397716	0.9578417840703685	-1	-0.04215821592963154	0.7040705687143313
14.5665362	1	0.48320394818397716	0.9585330083019789	-1	-0.04146699169802115	0.6922414640484502
14.5665362	1	0.4770680250324344	0.9585330083019789	-1	-0.04146699169802115	0.6922414640484502
14.6906126	1	0.4770680250324344	0.9592211115998897	-1	-0.04077888840011035	0.680337060276725
14.6906126	1	0.46939812109300627	0.9592211115998897	-1	-0.04077888840011035	0.680337060276725
14.8136136	1	0.46939812109300627	0.9600771353671003	-1	-0.039922864632899735	0.6653506661944771
14.8136136	1	0.4663301595172351	0.9600771353671003	-1	-0.039922864632899735	0.6653506661944771
14.9357108	1	0.4663301595172351	0.9604183428663772	-1	-0.03958165713362283	0.6593231652027717
14.9357108	1	0.4555922940020354	0.9604183428663772	-1	-0.03958165713362283	0.6593231652027717
15.060006	1	0.4555922940020354	0.9616075960516608	-1	-0.038392403948339204	0.6380786666171725
15.060006	1	0.4540583132141496	0.9616075960516608	-1	-0.038392403948339204	0.6380786666171725
15.1848362	1	0.4540583132141496	0.9617768978786388	-1	-0.03822310212136115	0.63502491347134
15.1848362	1	0.44638840927472145	0.9617768978786388	-1	-0.03822310212136115	0.63502491347134
15.3094358	1	0.44638840927472145	0.962621386739177	-1	-0.037378613260823035	0.6196855548304518
15.3094358	1	0.4417864669110645	0.962621386739177	-1	-0.037378613260823035	0.6196855548304518
15.4336275	1	0.4417864669110645	0.9631265752374953	-1	-0.03687342476250466	0.6104254653165362
15.4336275	1	0.43411656297163637	0.9631265752374953	-1	-0.03687342476250466	0.6104254653165362
15.5572159	1	0.43411656297163637	0.963966320779498	-1	-0.036033679220502046	0.5948978589110399
15.5572159	1	0.4295146206079794	0.963966320779498	-1	-0.036033679220502046	0.5948978589110399
15.6796658	1	0.4295146206079794	0.9644689683729218	-1	-0.03553103162707816	0.5855248207383593
15.6796658	1	0.42491267824432244	0.9644689683729218	-1	-0.03553103162707816	0.5855248207383593
15.8021138	1	0.42491267824432244	0.9649708244603338	-1	-0.035029175539666224	0.576109426818642
15.8021138	1	0.4218447166685513	0.9649708244603338	-1	-0.035029175539666224	0.576109426818642
15.9259275	1	0.4218447166685513	0.9653050001334377	-1	-0.034694999866562326	0.5698089665682547
15.9259275	1	0.4203107358806655	0.9653050001334377	-1	-0.034694999866562326	0.5698089665682547
16.0494418	1	0.4203107358806655	0.9654719796621724	-1	-0.03452802033782765	0.5666516771518879
16.0494418	1	0.41417481272912315	0.9654719796621724	-1	-0.03452802033782765	0.5666516771518879
16.1730969	1	0.41417481272912315	0.966139256579887	-1	-0.033860743420113026	0.55397545754527
16.1730969	1	0.41417481272912315	0.966139256579887	-1	-0.033860743420113026	0.55397545754527
16.2980083	1	0.41417481272912315	0.966139256579887	-1	-0.033860743420113026	0.55397545754527
16.2980083	1	0.4095728703654662	0.966139256579887	-1	-0.033860743420113026	0.55397545754527
16.4208422	1	0.4095728703654662	0.966639139934233	-1	-0.033360860065766995	0.5444188778020965
16.4208422	1	0.4080388895775804	0.966639139934233	-1	-0.033360860065766995	0.5444188778020965
16.5466582	1	0.4080388895775804	0.9668056775119264	-1	-0.033194322488073635	0.5412239388328081
16.5466582	1	0.4049709280018092	0.9668056775119264	-1	-0.033194322488073635	0.5412239388328081
16.6716076	1	0.4049709280018092	0.9671386394086766	-1	-0.032861360591323385	0.5348199423118862
16.6716076	1	0.40036898563815226	0.9671386394086766	-1	-0.032861360591323385	0.5348199423118862
16.7942266	1	0.40036898563815226	0.9676378553625767	-1	-0.03236214463742326	0.5251786510746391
16.7942266	1	0.40036898563815226	0.9676378553625767	-1	-0.03236214463742326	0.5251786510746391
16.9161921	1	0.40036898563815226	0.9676378553625767	-1	-0.03236214463742326	0.5251786510746391
16.9161921	1	0.39423306248660994	0.9676378553625767	-1	-0.03236214463742326	0.5251786510746391
17.0393746	1	0.39423306248660994	0.968303214398281	-1	-0.03169678560171896	0.5122577093740307
17.0393746	1	0.39423306248660994	0.968303214398281	-1	-0.03169678560171896	0.5122577093740307
17.1618956	1	0.39423306248660994	0.968303214398281	-1	-0.03169678560171896	0.5122577093740307
17.1618956	1	0.389631120122953	0.968303214398281	-1	-0.03169678560171896	0.5122577093740307
17.2869572	1	0.389631120122953	0.9688021754883613	-1	-0.03119782451163866	0.5025175880603642
17.2869572	1	0.3865631585471814	0.9688021754883613	-1	-0.03119782451163866	0.5025175880603642
17.4124076	1	0.3865631585471814	0.969134849756719	-1	-0.03086515024328096	0.4960006428806766
17.4124076	1	0.3865631585471814	0.969134849756719	-1	-0.03086515024328096	0.4960006428806766
17.5363608	1	0.3865631585471814	0.969134849756719	-1	-0.03086515024328096	0.4960006428806766
17.5363608	1	0.38196121618352485	0.969134849756719	-1	-0.03086515024328096	0.4960006428806766
17.6608158	1	0.38196121618352485	0.9696339958971957	-1	-0.030366004102804323	0.486189928655283
17.6608158	1	0.38042723539563905	0.9696339958971957	-1	-0.030366004102804323	0.486189928655283
17.7860791	1	0.38042723539563905	0.9698004312056093	-1	-0.030199568794390674	0.4829102781919208
17.7860791	1	0.3727573314562109	0.9698004312056093	-1	-0.030199568794390674	0.4829102781919208
17.9113369	1	0.3727573314562109	0.970633208853699	-1	-0.02936679114630103	0.4664414329633835
17.9113369	1	0.3727573314562109	0.970633208853699	-1	-0.02936679114630103	0.4664414329633835
18.0344931	1	0.3727573314562109	0.970633208853699	-1	-0.02936679114630103	0.4664414329633835
18.0344931	1	0.36815538909255396	0.970633208853699	-1	-0.02936679114630103	0.4664414329633835
18.1593908	1	0.36815538909255396	0.971133523963118	-1	-0.02886647603688197	0.45650365149687844
18.1593908	1	0.363553446728897	0.971133523963118	-1	-0.02886647603688197	0.45650365149687844
18.2841618	1	0.363553446728897	0.9716344854654091	-1	-0.028365514534590908	0.44652351428333653
18.2841618	1	0.363553446728897	0.9716344854654091	-1	-0.028365514534590908	0.44652351428333653
18.4090242	1	0.363553446728897	0.9716344854654091	-1	-0.028365514534590908	0.44652351428333653
18.4090242	1	0.35895150436524004	0.9716344854654091	-1	-0.028365514534590908	0.44652351428333653
18.5335161	1	0.35895150436524004	0.9721362308925454	-1	-0.027863769107454583	0.4365010213227578
18.5335161	1	0.35741752357735423	0.9721362308925454	-1	-0.027863769107454583	0.4365010213227578
18.6583457	1	0.35741752357735423	0.9723036782395423	-1	-0.027696321760457665	0.4331507779476675
18.6583457	1	0.35281558121369727	0.9723036782395423	-1	-0.027696321760457665	0.4331507779476675
18.781616	1	0.35281558121369727	0.972806693799516	-1	-0.02719330620048399	0.4230718106577063
18.781616	1	0.3497476196379261	0.972806693799516	-1	-0.02719330620048399	0.4230718106577063
18.9053274	1	0.3497476196379261	0.9731426557185502	-1	-0.026857344281449813	0.41632896816048987
18.9053274	1	0.34821363885004075	0.9731426557185502	-1	-0.026857344281449813	0.41632896816048987
19.0285042	1	0.34821363885004075	0.97331083972628	-1	-0.026689160273720036	0.4129504876207093
19.0285042	1	0.342077715698498	0.97331083972628	-1	-0.026689160273720036	0.4129504876207093
19.1523563	1	0.342077715698498	0.9739850721488555	-1	-0.026014927851144454	0.39938950352043207
19.1523563	1	0.3436116964863838	0.9739850721488555	-1	-0.026014927851144454	0.39938950352043207
19.276954	1	0.3436116964863838	0.9738162770246602	-1	-0.026183722975339774	0.40278680883667445
19.276954	1	0.3390097541227268	0.9738162770246602	-1	-0.026183722975339774	0.40278680883667445
19.4021162	1	0.3390097541227268	0.9743231753210341	-1	-0.025676824678965926	0.39258077430560273
19.4021162	1	0.3359417925469552	0.9743231753210341	-1	-0.025676824678965926	0.39258077430560273
19.5244903	1	0.3359417925469552	0.9746620072263447	-1	-0.025337992773655338	0.3857532203143116
19.5244903	1	0.3313398501832987	0.9746620072263447	-1	-0.025337992773655338	0.3857532203143116
19.6480396	1	0.3313398501832987	0.9751717437498457	-1	-0.02482825625015428	0.3754765928715128
19.6480396	1	0.3298058693954129	0.9751717437498457	-1	-0.02482825625015428	0.3754765928715128
19.7735889	1	0.3298058693954129	0.9753420819719735	-1	-0.024657918028026526	0.3720416380023488
19.7735889	1	0.32673790781964174	0.9753420819719735	-1	-0.024657918028026526	0.3720416380023488
19.8981204	1	0.32673790781964174	0.9756834428896597	-1	-0.02431655711034031	0.3651576096816762
19.8981204	1	0.3221359654559848	0.9756834428896597	-1	-0.02431655711034031	0.3651576096816762
20.0224237	1	0.3221359654559848	0.9761973144149872	-1	-0.02380268558501275	0.35479627074480274
20.0224237	1	0.3221359654559848	0.9761973144149872	-1	-0.02380268558501275	0.35479627074480274
20.1472701	1	0.3221359654559848	0.9761973144149872	-1	-0.02380268558501275	0.35479627074480274
20.1472701	1	0.316000042304442	0.9761973144149872	-1	-0.02380268558501275	0.35479627074480274
20.2719696	1	0.316000042304442	0.9768862444869072	-1	-0.023113755513092804	0.34091526544469164
20.2719696	1	0.316000042304442	0.9768862444869072	-1	-0.023113755513092804	0.34091526544469164
20.3971469	1	0.316000042304442	0.9768862444869072	-1	-0.023113755513092804	0.34091526544469164
20.3971469	1	0.31139809994078504	0.9768862444869072	-1	-0.023113755513092804	0.34091526544469164
20.5215687	1	0.31139809994078504	0.9774060817457495	-1	-0.0225939182542505	0.33045509643139886
20.5215687	1	0.3098641191528997	0.9774060817457495	-1	-0.0225939182542505	0.33045509643139886
20.646849	1	0.3098641191528997	0.977580009832138	-1	-0.022419990167862003	0.3269589610387382
20.646849	1	0.3052621767892427	0.977580009832138	-1	-0.022419990167862003	0.3269589610387382
20.7846837	1	0.3052621767892427	0.9781038841078263	-1	-0.021896115892173662	0.316442317696063
20.7846837	1	0.3021942152134711	0.9781038841078263	-1	-0.021896115892173662	0.316442317696063
20.9101418	1	0.3021942152134711	0.9784549834430931	-1	-0.021545016556906882	0.30940769116370287
20.9101418	1	0.30066023442558576	0.9784549834430931	-1	-0.021545016556906882	0.30940769116370287
21.0352965	1	0.30066023442558576	0.9786311220107526	-1	-0.02136887798924736	0.305883318606351
21.0352965	1	0.2975922728498146	0.9786311220107526	-1	-0.02136887798924736	0.305883318606351
21.1584565	1	0.2975922728498146	0.9789846366421162	-1	-0.021015363357883787	0.2988204549093006
21.1584565	1	0.29299033048615764	0.9789846366421162	-1	-0.021015363357883787	0.2988204549093006
21.2838786	1	0.29299033048615764	0.9795181916398856	-1	-0.020481808360114373	0.2881908629078605
21.2838786	1	0.29299033048615764	0.9795181916398856	-1	-0.020481808360114373	0.2881908629078605
21.4094315	1	0.29299033048615764	0.9795181916398856	-1	-0.020481808360114373	0.2881908629078605
21.4094315	1	0.28685440733461487	0.9795181916398856	-1	-0.020481808360114373	0.2881908629078605
21.5302087	1	0.28685440733461487	0.9802362964873411	-1	-0.01976370351265888	0.27395218685499384
21.5302087	1	0.2837864457588437	0.9802362964873411	-1	-0.01976370351265888	0.27395218685499384
21.6540325	1	0.2837864457588437	0.9805984846484486	-1	-0.019401515351551435	0.26680461166386976
21.6540325	1	0.2822524649709579	0.9805984846484486	-1	-0.019401515351551435	0.26680461166386976
21.7768102	1	0.2822524649709579	0.9807804183266287	-1	-0.019219581673371344	0.26322376477713444
21.7768102	1	0.27765052260730094	0.9807804183266287	-1	-0.019219581673371344	0.26322376477713444
21.901703	1	0.27765052260730094	0.9813297845622138	-1	-0.01867021543778624	0.25245298695223817
21.901703	1	0.27765052260730094	0.9813297845622138	-1	-0.01867021543778624	0.25245298695223817
22.0258762	1	0.27765052260730094	0.9813297845622138	-1	-0.01867021543778624	0.25245298695223817
22.0258762	1	0.273048580243644	0.9813297845622138	-1	-0.01867021543778624	0.25245298695223817
22.1513937	1	0.273048580243644	0.9818848890846243	-1	-0.018115110915375654	0.24163985338030508
22.1513937	1	0.2715145994557586	0.9818848890846243	-1	-0.018115110915375654	0.24163985338030508
22.2750426	1	0.2715145994557586	0.9820712921202822	-1	-0.017928707879717787	0.23802606313476435
22.2750426	1	0.26691265709210166	0.9820712921202822	-1	-0.017928707879717787	0.23802606313476435
22.3996647	1	0.26691265709210166	0.9826349111626218	-1	-0.017365088837378195	0.22715645523344882
22.3996647	1	0.2638446955163305	0.9826349111626218	-1	-0.017365088837378195	0.22715645523344882
22.5238638	1	0.2638446955163305	0.983014569480365	-1	-0.01698543051963497	0.21988651899532943
22.5238638	1	0.2623107147284447	0.983014569480365	-1	-0.01698543051963497	0.21988651899532943
22.6488223	1	0.2623107147284447	0.983205648545427	-1	-0.016794351454572976	0.21624449158509643
22.6488223	1	0.25617479157690193	0.983205648545427	-1	-0.016794351454572976	0.21624449158509643
22.7717214	1	0.25617479157690193	0.9839789537289291	-1	-0.016021046271070927	0.20162932000301337
22.7717214	1	0.25617479157690193	0.9839789537289291	-1	-0.016021046271070927	0.20162932000301337
22.8960084	1	0.25617479157690193	0.9839789537289291	-1	-0.016021046271070927	0.20162932000301337
22.8960084	1	0.2500388684253596	0.9839789537289291	-1	-0.016021046271070927	0.20162932000301337
23.0211103	1	0.2500388684253596	0.9847681613827226	-1	-0.015231838617277393	0.1869388493150881
23.0211103	1	0.2500388684253596	0.9847681613827226	-1	-0.015231838617277393	0.1869388493150881
23.1622609	1	0.2500388684253596	0.9847681613827226	-1	-0.015231838617277393	0.1869388493150881
23.1622609	1	0.24543692606170264	0.9847681613827226	-1	-0.015231838617277393	0.1869388493150881
23.2871379	1	0.24543692606170264	0.9853719009250608	-1	-0.014628099074939227	0.17587158126093397
23.2871379	1	0.24236896448593148	0.9853719009250608	-1	-0.014628099074939227	0.17587158126093397
23.4104907	1	0.24236896448593148	0.9857806646500188	-1	-0.01421933534998121	0.1684698715875889
23.4104907	1	0.24083498369804568	0.9857806646500188	-1	-0.01421933534998121	0.1684698715875889
23.5353202	1	0.24083498369804568	0.9859870718180654	-1	-0.014012928181934559	0.164761957459743
23.5353202	1	0.23776702212227452	0.9859870718180654	-1	-0.014012928181934559	0.164761957459743
23.6607341	1	0.23776702212227452	0.9864042039350334	-1	-0.013595796064966637	0.15733201062170668
23.6607341	1	0.23623304133438872	0.9864042039350334	-1	-0.013595796064966637	0.15733201062170668
23.7844405	1	0.23623304133438872	0.9866150450618498	-1	-0.013384954938150173	0.15360997791151518
23.7844405	1	0.23163109897073175	0.9866150450618498	-1	-0.013384954938150173	0.15360997791151518
23.9086429	1	0.23163109897073175	0.9872574413322566	-1	-0.012742558667743431	0.14241564261625053
23.9086429	1	0.2300971181828464	0.9872574413322566	-1	-0.012742558667743431	0.14241564261625053
24.0328093	1	0.2300971181828464	0.9874751030530625	-1	-0.01252489694693748	0.1386747851295993
24.0328093	1	0.2270291566070748	0.9874751030530625	-1	-0.01252489694693748	0.1386747851295993
24.1566826	1	0.2270291566070748	0.98791620132712	-1	-0.012083798672880008	0.13117895157394904
24.1566826	1	0.22242721424341783	0.98791620132712	-1	-0.012083798672880008	0.13117895157394904
24.1566826	1	0.22242721424341783	0.98791620132712	-1	-0.012083798672880008	0.13117895157394904
24.2976026	1	0.22242721424341783	0.9885936839723037	-1	-0.011406316027696262	0.1198999047846107
24.2976026	1	0.22089323345553247	0.9885936839723037	-1	-0.011406316027696262	0.1198999047846107
24.4212122	1	0.22089323345553247	0.988824156831454	-1	-0.011175843168546029	0.11613081013326823
24.4212122	1	0.21935925266764666	0.988824156831454	-1	-0.011175843168546029	0.11613081013326823
24.5441497	1	0.21935925266764666	0.9890571528781411	-1	-0.01094284712185889	0.11235700928780948
24.5441497	1	0.21935925266764666	0.9890571528781411	-1	-0.01094284712185889	0.11235700928780948
24.6673274	1	0.21935925266764666	0.9890571528781411	-1	-0.01094284712185889	0.11235700928780948
24.6673274	1	0.21935925266764666	0.9890571528781411	-1	-0.01094284712185889	0.11235700928780948
24.7914379	1	0.21935925266764666	0.9890571528781411	-1	-0.01094284712185889	0.11235700928780948
24.7914379	1	0.21935925266764666	0.9890571528781411	-1	-0.01094284712185889	0.11235700928780948
24.9144286	1	0.21935925266764666	0.9890571528781411	-1	-0.01094284712185889	0.11235700928780948
24.9144286	1	0.21935925266764666	0.9890571528781411	-1	-0.01094284712185889	0.11235700928780948
25.0373252	1	0.21935925266764666	0.9890571528781411	-1	-0.01094284712185889	0.11235700928780948
25.0373252	1	0.21935925266764666	0.9890571528781411	-1	-0.01094284712185889	0.11235700928780948
25.1617691	1	0.21935925266764666	0.9890571528781411	-1	-0.01094284712185889	0.11235700928780948
25.1617691	1	0.21935925266764666	0.9890571528781411	-1	-0.01094284712185889	0.11235700928780948
25.2840893	1	0.21935925266764666	0.9890571528781411	-1	-0.01094284712185889	0.11235700928780948
25.2840893	1	0.21935925266764666	0.9890571528781411	-1	-0.01094284712185889	0.11235700928780948
25.4089966	1	0.21935925266764666	0.9890571528781411	-1	-0.01094284712185889	0.11235700928780948
25.4089966	1	0.21935925266764666	0.9890571528781411	-1	-0.01094284712185889	0.11235700928780948
25.5322635	1	0.21935925266764666	0.9890571528781411	-1	-0.01094284712185889	0.11235700928780948
25.5322635	1	0.21935925266764666	0.9890571528781411	-1	-0.01094284712185889	0.11235700928780948
25.6553847	1	0.21935925266764666	0.9890571528781411	-1	-0.01094284712185889	0.11235700928780948
25.6553847	1	0.21935925266764666	0.9890571528781411	-1	-0.01094284712185889	0.11235700928780948
25.7784432	1	0.21935925266764666	0.9890571528781411	-1	-0.01094284712185889	0.11235700928780948
25.7784432	1	0.21935925266764666	0.9890571528781411	-1	-0.01094284712185889	0.11235700928780948
25.9027877	1	0.21935925266764666	0.9890571528781411	-1	-0.01094284712185889	0.11235700928780948
25.9027877	1	0.21782527187976086	0.9890571528781411	-1	-0.01094284712185889	0.11235700928780948
26.029008	1	0.21782527187976086	0.9892928073621106	-1	-0.01070719263788944	0.10857850224823552
26.029008	1	0.21782527187976086	0.9892928073621106	-1	-0.01070719263788944	0.10857850224823552
26.1527161	1	0.21782527187976086	0.9892928073621106	-1	-0.01070719263788944	0.10857850224823552
26.1527161	1	0.21935925266764666	0.9892928073621106	-1	-0.01070719263788944	0.10857850224823552
26.2761121	1	0.21935925266764666	0.9890571528781411	-1	-0.01094284712185889	0.11235700928780948
26.2761121	1	0.21935925266764666	0.9890571528781411	-1	-0.01094284712185889	0.11235700928780948
26.4008387	1	0.21935925266764666	0.9890571528781411	-1	-0.01094284712185889	0.11235700928780948
26.4008387	1	0.21782527187976086	0.9890571528781411	-1	-0.01094284712185889	0.11235700928780948
26.5239004	1	0.21782527187976086	0.9892928073621106	-1	-0.01070719263788944	0.10857850224823552
26.5239004	1	0.21782527187976086	0.9892928073621106	-1	-0.01070719263788944	0.10857850224823552
26.6473735	1	0.21782527187976086	0.9892928073621106	-1	-0.01070719263788944	0.10857850224823552
26.6473735	1	0.21782527187976086	0.9892928073621106	-1	-0.01070719263788944	0.10857850224823552
26.7720976	1	0.21782527187976086	0.9892928073621106	-1	-0.01070719263788944	0.10857850224823552
26.7720976	1	0.21782527187976086	0.9892928073621106	-1	-0.01070719263788944	0.10857850224823552
26.8960222	1	0.21782527187976086	0.9892928073621106	-1	-0.01070719263788944	0.10857850224823552
26.8960222	1	0.21935925266764666	0.9892928073621106	-1	-0.01070719263788944	0.10857850224823552
27.0199012	1	0.21935925266764666	0.9890571528781411	-1	-0.01094284712185889	0.11235700928780948
27.0199012	1	0.21935925266764666	0.9890571528781411	-1	-0.01094284712185889	0.11235700928780948
27.1433324	1	0.21935925266764666	0.9890571528781411	-1	-0.01094284712185889	0.11235700928780948
27.1433324	1	0.21935925266764666	0.9890571528781411	-1	-0.01094284712185889	0.11235700928780948
27.2680045	1	0.21935925266764666	0.9890571528781411	-1	-0.01094284712185889	0.11235700928780948
27.2680045	1	0.21935925266764666	0.9890571528781411	-1	-0.01094284712185889	0.11235700928780948
27.3919042	1	0.21935925266764666	0.9890571528781411	-1	-0.01094284712185889	0.11235700928780948
27.3919042	1	0.21782527187976086	0.9890571528781411	-1	-0.01094284712185889	0.11235700928780948
27.5167501	1	0.21782527187976086	0.9892928073621106	-1	-0.01070719263788944	0.10857850224823552
27.5167501	1	0.21935925266764666	0.9892928073621106	-1	-0.01070719263788944	0.10857850224823552
27.6415248	1	0.21935925266764666	0.9890571528781411	-1	-0.01094284712185889	0.11235700928780948
27.6415248	1	0.21935925266764666	0.9890571528781411	-1	-0.01094284712185889	0.11235700928780948
27.7652809	1	0.21935925266764666	0.9890571528781411	-1	-0.01094284712185889	0.11235700928780948
27.7652809	1	0.21935925266764666	0.9890571528781411	-1	-0.01094284712185889	0.11235700928780948
27.8897214	1	0.21935925266764666	0.9890571528781411	-1	-0.01094284712185889	0.11235700928780948
27.8897214	1	0.21935925266764666	0.9890571528781411	-1	-0.01094284712185889	0.11235700928780948
28.0125145	1	0.21935925266764666	0.9890571528781411	-1	-0.01094284712185889	0.11235700928780948
28.0125145	1	0.21935925266764666	0.9890571528781411	-1	-0.01094284712185889	0.11235700928780948
28.1538901	1	0.21935925266764666	0.9890571528781411	-1	-0.01094284712185889	0.11235700928780948
28.1538901	1	0.21935925266764666	0.9890571528781411	-1	-0.01094284712185889	0.11235700928780948
28.2780008	1	0.21935925266764666	0.9890571528781411	-1	-0.01094284712185889	0.11235700928780948
28.2780008	1	0.21782527187976086	0.9890571528781411	-1	-0.01094284712185889	0.11235700928780948
28.4029356	1	0.21782527187976086	0.9892928073621106	-1	-0.01070719263788944	0.10857850224823552
28.4029356	1	0.21935925266764666	0.9892928073621106	-1	-0.01070719263788944	0.10857850224823552
28.5275228	1	0.21935925266764666	0.9890571528781411	-1	-0.01094284712185889	0.11235700928780948
28.5275228	1	0.21935925266764666	0.9890571528781411	-1	-0.01094284712185889	0.11235700928780948
28.6498838	1	0.21935925266764666	0.9890571528781411	-1	-0.01094284712185889	0.11235700928780948
28.6498838	1	0.21935925266764666	0.9890571528781411	-1	-0.01094284712185889	0.11235700928780948
28.771813	1	0.21935925266764666	0.9890571528781411	-1	-0.01094284712185889	0.11235700928780948
28.771813	1	0.21782527187976086	0.9890571528781411	-1	-0.01094284712185889	0.11235700928780948
28.8966986	1	0.21782527187976086	0.9892928073621106	-1	-0.01070719263788944	0.10857850224823552
28.8966986	1	0.21782527187976086	0.9892928073621106	-1	-0.01070719263788944	0.10857850224823552
29.019013	1	0.21782527187976086	0.9892928073621106	-1	-0.01070719263788944	0.10857850224823552
29.019013	1	0.21935925266764666	0.9892928073621106	-1	-0.01070719263788944	0.10857850224823552
29.14435	1	0.21935925266764666	0.9890571528781411	-1	-0.01094284712185889	0.11235700928780948
29.14435	1	0.21935925266764666	0.9890571528781411	-1	-0.01094284712185889	0.11235700928780948
29.2692091	1	0.21935925266764666	0.9890571528781411	-1	-0.01094284712185889	0.11235700928780948
29.2692091	1	0.21935925266764666	0.9890571528781411	-1	-0.01094284712185889	0.11235700928780948
29.3929413	1	0.21935925266764666	0.9890571528781411	-1	-0.01094284712185889	0.11235700928780948
29.3929413	1	0.21782527187976086	0.9890571528781411	-1	-0.01094284712185889	0.11235700928780948
29.5147822	1	0.21782527187976086	0.9892928073621106	-1	-0.01070719263788944	0.10857850224823552
29.5147822	1	0.21935925266764666	0.9892928073621106	-1	-0.01070719263788944	0.10857850224823552
29.6395122	1	0.21935925266764666	0.9890571528781411	-1	-0.01094284712185889	0.11235700928780948
29.6395122	1	0.21935925266764666	0.9890571528781411	-1	-0.01094284712185889	0.11235700928780948
29.779627	1	0.21935925266764666	0.9890571528781411	-1	-0.01094284712185889	0.11235700928780948
29.779627	1	0.21935925266764666	0.9890571528781411	-1	-0.01094284712185889	0.11235700928780948
29.9028787	1	0.21935925266764666	0.9890571528781411	-1	-0.01094284712185889	0.11235700928780948
29.9028787	1	0.21782527187976086	0.9890571528781411	-1	-0.01094284712185889	0.11235700928780948
