time	mode	theta	u	uh	h
0	0	0	0	0	0
0	0	2.7320197832243265	0	0	0
0	0	2.7320197832243265	0	0	0
0	0	2.7320197832243265	0	0	0
0	0	2.7320197832243265	0	0	0
0	0	2.7304858024364416	0	0	0
0	0	2.7304858024364416	0	0	0
0	0	2.7289518216485558	0	0	0
0	0	2.7289518216485558	0	0	0
0	0	2.72741784086067	0	0	0
0	0	2.72741784086067	0	0	0
0	0	2.72741784086067	0	0	0
0	0	2.72741784086067	0	0	0
0	0	2.725883860072784	0	0	0
0	0	2.725883860072784	0	0	0
0	0	2.725883860072784	0	0	0
0	0	2.725883860072784	0	0	0
0	0	2.7212819177091276	0	0	0
0	0	2.7212819177091276	0	0	0
0	0	2.6353789935875316	0	0	0
0	0	2.6353789935875316	0	0	0
0	0	2.5862916083751912	0	0	0
0	0	2.5862916083751912	0	0	0
0	0	2.6016314162540475	0	0	0
0	0	2.6016314162540475	0	0	0
0	0	2.6031653970419333	0	0	0
0	0	2.6031653970419333	0	0	0
0	0	2.604699377829819	0	0	0
0	0	2.604699377829819	0	0	0
0	0	2.604699377829819	0	0	0
0	0	2.604699377829819	0	0	0
0	0	2.604699377829819	0	0	0
0	0	2.604699377829819	0	0	0
0	0	2.604699377829819	0	0	0
0	0	2.604699377829819	0	0	0
0	0	2.604699377829819	0	0	0
0	0	2.604699377829819	0	0	0
0	0	2.604699377829819	0	0	0
0	0	2.604699377829819	0	0	0
0	0	2.604699377829819	0	0	0
0	0	2.604699377829819	0	0	0
0	0	2.604699377829819	0	0	0
0	0	2.604699377829819	0	0	0
0	0	2.604699377829819	0	0	0
0	0	2.604699377829819	0	0	0
0	0	2.604699377829819	0	0	0
0	0	2.604699377829819	0	0	0
0	0	2.604699377829819	0	0	0
0	0	2.604699377829819	0	0	0
0	0	2.604699377829819	0	0	0
0	0	2.604699377829819	0	0	0
0	0	2.604699377829819	0	0	0
0	0	2.604699377829819	0	0	0
0	0	2.604699377829819	0	0	0
0	0	2.604699377829819	0	0	0
0	0	2.604699377829819	0	0	0
0	0	2.604699377829819	0	0	0
0	0	2.604699377829819	0	0	0
0	0	2.604699377829819	0	0	0
0	0	2.604699377829819	0	0	0
0	0	2.604699377829819	0	0	0
0	0	2.604699377829819	0	0	0
0	0	2.604699377829819	0	0	0
0	0	2.604699377829819	0	0	0
0	0	2.604699377829819	0	0	0
0	0	2.604699377829819	0	0	0
0	0	2.604699377829819	0	0	0
0	0	2.604699377829819	0	0	0
0	0	2.604699377829819	0	0	0
0	0	2.604699377829819	0	0	0
0	0	2.604699377829819	0	0	0
0	0	2.604699377829819	0	0	0
0	0	2.604699377829819	0	0	0
0	0	2.604699377829819	0	0	0
0	0	2.604699377829819	0	0	0
0	0	2.604699377829819	0	0	0
0	0	2.604699377829819	0	0	0
0	0	2.604699377829819	0	0	0
0	0	2.604699377829819	0	0	0
0	0	2.604699377829819	0	0	0
0	0	2.604699377829819	0	0	0
0	0	2.604699377829819	0	0	0
0	0	2.604699377829819	0	0	0
0	0	2.604699377829819	0	0	0
0	0	2.604699377829819	0	0	0
0	0	2.604699377829819	0	0	0
0	0	2.604699377829819	0	0	0
0	0	2.604699377829819	0	0	0
0	0	2.604699377829819	0	0	0
0	0	2.604699377829819	0	0	0
0	0	2.604699377829819	0	0	0
0	0	2.604699377829819	0	0	0
0	0	2.604699377829819	0	0	0
0	0	2.604699377829819	0	0	0
0	0	2.604699377829819	0	0	0
0	0	2.604699377829819	0	0	0
8.4E-06	0	2.604699377829819	0	0	0
8.4E-06	0	2.604699377829819	0	0	0
0.1249575	0	2.604699377829819	0	0	0
0.1249575	0	2.604699377829819	0	0	0
0.2500745	0	2.604699377829819	0	0	0
0.2500745	0	2.604699377829819	0	0	0
0.3743649	0	2.604699377829819	0	0	0
0.3743649	0	2.604699377829819	0	0	0
0.4988261	0	2.604699377829819	0	0	0
0.4988261	0	2.604699377829819	0	0	0
0.6229664	0	2.604699377829819	0	0	0
0.6229664	0	2.604699377829819	0	0	0
0.7474362	0	2.604699377829819	0	0	0
0.7474362	0	2.604699377829819	0	0	0
0.87341	0	2.604699377829819	0	0	0
0.87341	0	2.604699377829819	0	0	0
0.9973601	0	2.604699377829819	0	0	0
0.9973601	0	2.604699377829819	0	0	0
1.1204539	0	2.604699377829819	0	0	0
1.1204539	0	2.604699377829819	0	0	0
1.2446178	0	2.604699377829819	0	0	0
1.2446178	0	2.604699377829819	0	0	0
1.3670426	0	2.604699377829819	0	0	0
1.3670426	0	2.604699377829819	0	0	0
1.4919245	0	2.604699377829819	0	0	0
1.4919245	0	2.604699377829819	0	0	0
1.617512	0	2.604699377829819	0	0	0
1.617512	0	2.604699377829819	0	0	0
1.7422278	0	2.604699377829819	0	0	0
1.7422278	0	2.604699377829819	0	0	0
1.8639406	0	2.604699377829819	0	0	0
1.8639406	0	2.604699377829819	0	0	0
1.9881239	1	2.604699377829819	0	0	0.29442887719144284
1.9881239	1	2.604699377829819	0	0	0.29442887719144284
2.1127384	1	2.604699377829819	0	0	0.29442887719144284
2.1127384	1	2.604699377829819	0	0	0.29442887719144284
2.2366817	1	2.604699377829819	0	0	0.29442887719144284
2.2366817	1	2.604699377829819	0	0	0.29442887719144284
2.3615914	1	2.604699377829819	0	0	0.29442887719144284
2.3615914	1	2.604699377829819	0	0	0.29442887719144284
2.4855216	1	2.604699377829819	0	0	0.29442887719144284
2.4855216	1	2.604699377829819	0	0	0.29442887719144284
2.6098945	1	2.604699377829819	0	0	0.29442887719144284
2.6098945	1	2.604699377829819	0	0	0.29442887719144284
2.7345484	1	2.604699377829819	0	0	0.29442887719144284
2.7345484	1	2.604699377829819	0	0	0.29442887719144284
2.8597791	1	2.604699377829819	0	0	0.29442887719144284
2.8597791	1	2.604699377829819	0	0	0.29442887719144284
2.9822104	1	2.604699377829819	0	0	0.29442887719144284
2.9822104	1	2.604699377829819	0	0	0.29442887719144284
3.1046678	1	2.604699377829819	0	0	0.29442887719144284
3.1046678	1	2.604699377829819	0	0	0.29442887719144284
3.2281977	1	2.604699377829819	0	0	0.29442887719144284
3.2281977	1	2.604699377829819	0	0	0.29442887719144284
3.3525853	1	2.604699377829819	0	0	0.29442887719144284
3.3525853	1	2.604699377829819	0	0	0.29442887719144284
3.4760569	1	2.604699377829819	0	0	0.29442887719144284
3.4760569	1	2.604699377829819	0	0	0.29442887719144284
3.6005721	1	2.604699377829819	0	0	0.29442887719144284
3.6005721	1	2.604699377829819	0	0	0.29442887719144284
3.6005721	1	2.604699377829819	0	0	0.29442887719144284
3.7429111	1	2.604699377829819	0	0	0.29442887719144284
3.7429111	1	2.604699377829819	0	0	0.29442887719144284
3.8669806	1	2.604699377829819	0	0	0.29442887719144284
3.8669806	1	2.604699377829819	0	0	0.29442887719144284
3.990583	1	2.604699377829819	0	0	0.29442887719144284
3.990583	1	2.604699377829819	0	0	0.29442887719144284
4.1153571	1	2.604699377829819	0	0	0.29442887719144284
4.1153571	1	2.604699377829819	0	0	0.29442887719144284
4.2374858	1	2.604699377829819	0	0	0.29442887719144284
4.2374858	1	2.604699377829819	0	0	0.29442887719144284
4.3614862	1	2.604699377829819	0	0	0.29442887719144284
4.3614862	1	2.604699377829819	0	0	0.29442887719144284
4.4859728	1	2.604699377829819	0	0	0.29442887719144284
4.4859728	1	2.604699377829819	0	0	0.29442887719144284
4.6098568	1	2.604699377829819	0	0	0.29442887719144284
4.6098568	1	2.604699377829819	0	0	0.29442887719144284
4.7338248	1	2.604699377829819	0	0	0.29442887719144284
4.7338248	1	2.604699377829819	0	0	0.29442887719144284
4.8573429	1	2.604699377829819	0	0	0.29442887719144284
4.8573429	1	2.604699377829819	0	0	0.29442887719144284
4.9803109	1	2.604699377829819	0	0	0.29442887719144284
4.9803109	1	2.604699377829819	0	0	0.29442887719144284
5.1044622	1	2.604699377829819	0	0	0.29442887719144284
5.1044622	1	2.604699377829819	0	0	0.29442887719144284
5.2293687	1	2.604699377829819	0	0	0.29442887719144284
5.2293687	1	2.604699377829819	0	0	0.29442887719144284
5.352866	1	2.604699377829819	0	0	0.29442887719144284
5.352866	1	2.604699377829819	0	0	0.29442887719144284
5.4775391	1	2.604699377829819	0	0	0.29442887719144284
5.4775391	1	2.604699377829819	0	0	0.29442887719144284
5.5997109	1	2.604699377829819	0	0	0.29442887719144284
5.5997109	1	2.604699377829819	0	0	0.29442887719144284
5.7226183	1	2.604699377829819	0	0	0.29442887719144284
5.7226183	1	2.604699377829819	0	0	0.29442887719144284
5.8475521	1	2.604699377829819	0	0	0.29442887719144284
5.8475521	1	2.604699377829819	0	0	0.29442887719144284
5.9720304	1	2.604699377829819	0	0	0.29442887719144284
5.9720304	1	2.604699377829819	0	0	0.29442887719144284
6.0964521	1	2.604699377829819	0	0	0.29442887719144284
6.0964521	1	2.604699377829819	0	0	0.29442887719144284
6.220387	1	2.604699377829819	0	0	0.29442887719144284
6.220387	1	2.604699377829819	0	0	0.29442887719144284
6.3437373	1	2.604699377829819	0	0	0.29442887719144284
6.3437373	1	2.604699377829819	0	0	0.29442887719144284
6.4679388	1	2.604699377829819	0	0	0.29442887719144284
6.4679388	1	2.604699377829819	0	0	0.29442887719144284
6.5911027	1	2.604699377829819	0	0	0.29442887719144284
6.5911027	1	2.604699377829819	0	0	0.29442887719144284
6.7162818	1	2.604699377829819	0	0	0.29442887719144284
6.7162818	1	2.604699377829819	0	0	0.29442887719144284
6.8403175	1	2.604699377829819	0	-1	0.29442887719144284
6.8403175	1	2.59702947389039	0	-1	0.29442887719144284
6.965243	1	2.59702947389039	0	-1	0.3120799392981398
6.965243	1	2.466641106920111	0	-1	0.3120799392981398
7.0894889	1	2.466641106920111	0	-1	0.5941468026212993
7.0894889	1	2.319378951283089	0	-1	0.5941468026212993
7.2130714	1	2.319378951283089	0	-1	0.8718290220192668
7.2130714	1	2.198194469040124	0	-1	0.8718290220192668
7.3386645	1	2.198194469040124	0	-1	1.0678067815774916
7.3386645	1	2.06934008285773	0	-1	1.0678067815774916
7.4625079	1	2.06934008285773	0	-1	1.2439695918912699
7.4625079	1	1.9404856966753359	0	-1	1.2439695918912699
7.5870242	1	1.9404856966753359	0	-1	1.386925496528165
7.5870242	1	1.808563348917171	0	-1	1.386925496528165
7.7109385	1	1.808563348917171	0	-1	1.4988828341980787
7.7109385	1	1.679708962734777	0	-1	1.4988828341980787
7.8376573	1	1.679708962734777	0	-1	1.5746342868698533
7.8376573	1	1.5539225381281545	0	-1	1.5746342868698533
7.9784411	1	1.5539225381281545	0	-1	1.6165517763775514
7.9784411	1	1.4127963056426758	0	-1	1.6165517763775514
8.1181959	1	1.4127963056426758	0	-1	1.625912777151506
8.1181959	1	1.2701360923693112	0	-1	1.625912777151506
8.2420048	1	1.2701360923693112	0	-1	1.5948904930578265
8.2420048	1	1.1443496677626879	0	-1	1.5948904930578265
8.3654348	1	1.1443496677626879	0.1223973931459905	-1	1.5337705686072367
8.3654348	1	1.0200972239439512	0.1223973931459905	-1	1.5337705686072367
8.4891524	1	1.0200972239439512	0.41313820106127325	-1	1.4423280686374493
8.4891524	1	0.9127185687919566	0.41313820106127325	-1	1.4423280686374493
8.6129654	1	0.9127185687919566	0.5642117625026004	-1	1.3384314500486536
8.6129654	1	0.8544272988523023	0.5642117625026004	-1	1.3384314500486536
8.7373348	1	0.8544272988523023	0.6262541997635179	-1	1.2723733182046222
8.7373348	1	0.8022719520641903	0.6262541997635179	-1	1.2723733182046222
8.8601626	1	0.8022719520641903	0.6738590279301584	-1	1.2075082923261098
8.8601626	1	0.7577865092155069	0.6738590279301584	-1	1.2075082923261098
9.0000243	1	0.7577865092155069	0.7098825056553756	-1	1.1478831325172572
9.0000243	1	0.7086991240031661	0.7098825056553756	-1	1.1478831325172572
9.1240981	1	0.7086991240031661	0.7457003504926569	-1	1.0774966072717385
9.1240981	1	0.674951546669682	0.7457003504926569	-1	1.0774966072717385
9.2461636	1	0.674951546669682	0.768324992630612	-1	1.026310391861013
9.2461636	1	0.6427379501240837	0.768324992630612	-1	1.026310391861013
9.37176	1	0.6427379501240837	0.7886175602200954	-1	0.9753259759623059
9.37176	1	0.615126295942142	0.7886175602200954	-1	0.9753259759623059
9.4944882	1	0.615126295942142	0.8051112623160599	-1	0.929973173914691
9.4944882	1	0.589048622548086	0.8051112623160599	-1	0.929973173914691
9.6174641	1	0.589048622548086	0.8200019772067445	-1	0.8857398792315595
9.6174641	1	0.5675728915176874	0.8200019772067445	-1	0.8857398792315595
9.7410166	1	0.5675728915176874	0.831806707691039	-1	0.8482912159577467
9.7410166	1	0.5430291989115168	0.831806707691039	-1	0.8482912159577467
9.8629783	1	0.5430291989115168	0.8448313271153706	-1	0.8043632570571673
9.8629783	1	0.5215534678811178	0.8448313271153706	-1	0.8043632570571673
9.9859015	1	0.5215534678811178	0.8558493484466063	-1	0.7649379922549677
9.9859015	1	0.5062136600022615	0.8558493484466063	-1	0.7649379922549677
10.1097941	1	0.5062136600022615	0.8635171256149027	-1	0.7362123455310011
10.1097941	1	0.4847379289718625	0.8635171256149027	-1	0.7362123455310011
10.2337235	1	0.4847379289718625	0.8739859750716523	-1	0.6952057995060928
10.2337235	1	0.46939812109300627	0.8739859750716523	-1	0.6952057995060928
10.3559239	1	0.46939812109300627	0.8812838021374595	-1	0.6653506661944771
10.3559239	1	0.4540583132141496	0.8812838021374595	-1	0.6653506661944771
10.479367	1	0.4540583132141496	0.8884395440191082	-1	0.63502491347134
10.479367	1	0.4417864669110645	0.8884395440191082	-1	0.63502491347134
10.6033132	1	0.4417864669110645	0.8940661935486874	-1	0.6104254653165362
10.6033132	1	0.42491267824432244	0.8940661935486874	-1	0.6104254653165362
10.7266666	1	0.42491267824432244	0.901666849740099	-1	0.576109426818642
10.7266666	1	0.41417481272912315	0.901666849740099	-1	0.576109426818642
10.7266666	1	0.41417481272912315	0.901666849740099	-1	0.576109426818642
10.8675412	1	0.41417481272912315	0.9064248044840276	-1	0.55397545754527
10.8675412	1	0.40190296642603807	0.9064248044840276	-1	0.55397545754527
10.9913555	1	0.40190296642603807	0.9117902504574291	-1	0.5283971210145036
10.9913555	1	0.389631120122953	0.9117902504574291	-1	0.5283971210145036
11.114193	1	0.389631120122953	0.9170812279778482	-1	0.5025175880603642
11.114193	1	0.38042723539563905	0.9170812279778482	-1	0.5025175880603642
11.2390836	1	0.38042723539563905	0.9210021328790142	-1	0.4829102781919208
11.2390836	1	0.3696893698804393	0.9210021328790142	-1	0.4829102781919208
11.3798803	1	0.3696893698804393	0.9255267782753464	-1	0.4598209515131613
11.3798803	1	0.35895150436524004	0.9255267782753464	-1	0.4598209515131613
11.5035289	1	0.35895150436524004	0.9299993596718809	-1	0.4365010213227578
11.5035289	1	0.3497476196379261	0.9299993596718809	-1	0.4365010213227578
11.62848	1	0.3497476196379261	0.933792717454666	-1	0.41632896816048987
11.62848	1	0.342077715698498	0.933792717454666	-1	0.41632896816048987
11.7520382	1	0.342077715698498	0.9369261517538416	-1	0.39938950352043207
11.7520382	1	0.33440781175906986	0.9369261517538416	-1	0.39938950352043207
11.877358	1	0.33440781175906986	0.9400349606549551	-1	0.3823323840274942
11.877358	1	0.3221359654559848	0.9400349606549551	-1	0.3823323840274942
12.0014655	1	0.3221359654559848	0.944959087808957	-1	0.35479627074480274
12.0014655	1	0.316000042304442	0.944959087808957	-1	0.35479627074480274
12.1270849	1	0.316000042304442	0.9473986198942764	-1	0.34091526544469164
12.1270849	1	0.3098641191528997	0.9473986198942764	-1	0.34091526544469164
12.2516775	1	0.3098641191528997	0.9498234542868907	-1	0.3269589610387382
12.2516775	1	0.3067961575771281	0.9498234542868907	-1	0.3269589610387382
12.3753079	1	0.3067961575771281	0.9510304337924367	-1	0.3199525716710693
12.3753079	1	0.2975922728498146	0.9510304337924367	-1	0.3199525716710693
12.498749	1	0.2975922728498146	0.9546299689192737	-1	0.2988204549093006
12.498749	1	0.294524311274043	0.9546299689192737	-1	0.2988204549093006
12.6207459	1	0.294524311274043	0.9558227741977404	-1	0.2917387664357884
12.6207459	1	0.28532042654672907	0.9558227741977404	-1	0.2917387664357884
12.7443897	1	0.28532042654672907	0.959380460099144	-1	0.2703807523564889
12.7443897	1	0.2822524649709579	0.959380460099144	-1	0.2703807523564889
12.8693089	1	0.2822524649709579	0.9605595361776355	-1	0.26322376477713444
12.8693089	1	0.2745825610315298	0.9605595361776355	-1	0.26322376477713444
12.9926058	1	0.2745825610315298	0.9634925623618005	-1	0.24524893743173168
12.9926058	1	0.2699806186678728	0.9634925623618005	-1	0.24524893743173168
13.1161848	1	0.2699806186678728	0.965242453443656	-1	0.23440756669510734
13.1161848	1	0.2638446955163305	0.965242453443656	-1	0.23440756669510734
13.2405553	1	0.2638446955163305	0.967564242478642	-1	0.21988651899532943
13.2405553	1	0.2623107147284447	0.967564242478642	-1	0.21988651899532943
13.3628333	1	0.2623107147284447	0.9681426752173861	-1	0.21624449158509643
13.3628333	1	0.25770877236478773	0.9681426752173861	-1	0.21624449158509643
13.4854276	1	0.25770877236478773	0.9698731883409513	-1	0.20529017218970722
13.4854276	1	0.25617479157690193	0.9698731883409513	-1	0.20529017218970722
13.60907	1	0.25617479157690193	0.9704484412637601	-1	0.20162932000301337
13.60907	1	0.25310683000113077	0.9704484412637601	-1	0.20162932000301337
13.7335933	1	0.25310683000113077	0.9715965882088958	-1	0.19429349704728113
13.7335933	1	0.2500388684253596	0.9715965882088958	-1	0.19429349704728113
13.8588845	1	0.2500388684253596	0.9727416100536118	-1	0.1869388493150881
13.8588845	1	0.24697090684958845	0.9727416100536118	-1	0.1869388493150881
13.9836515	1	0.24697090684958845	0.9738835307029199	-1	0.17956537680643425
13.9836515	1	0.24236896448593148	0.9738835307029199	-1	0.17956537680643425
14.1087707	1	0.24236896448593148	0.9755906486299888	-1	0.1684698715875889
14.1087707	1	0.24236896448593148	0.9755906486299888	-1	0.1684698715875889
14.2325674	1	0.24236896448593148	0.9755906486299888	-1	0.1684698715875889
14.2325674	1	0.23776702212227452	0.9755906486299888	-1	0.1684698715875889
14.3558232	1	0.23776702212227452	0.9772909208991167	-1	0.15733201062170668
14.3558232	1	0.23623304133438872	0.9772909208991167	-1	0.15733201062170668
14.4804836	1	0.23623304133438872	0.9778561705208368	-1	0.15360997791151518
14.4804836	1	0.2300971181828464	0.9778561705208368	-1	0.15360997791151518
14.6045289	1	0.2300971181828464	0.980109705829118	-1	0.1386747851295993
14.6045289	1	0.2285631373949606	0.980109705829118	-1	0.1386747851295993
14.728826	1	0.2285631373949606	0.9806712379186148	-1	0.13492922144883177
14.728826	1	0.22549517581918943	0.9806712379186148	-1	0.13492922144883177
14.8529682	1	0.22549517581918943	0.9817920994952272	-1	0.12742397550495219
14.8529682	1	0.22242721424341783	0.9817920994952272	-1	0.12742397550495219
14.9785653	1	0.22242721424341783	0.9829100426149815	-1	0.1198999047846107
14.9785653	1	0.22089323345553247	0.9829100426149815	-1	0.1198999047846107
15.1022631	1	0.22089323345553247	0.9834679265818944	-1	0.11613081013326823
15.1022631	1	0.2162912910918755	0.9834679265818944	-1	0.11613081013326823
15.2252533	1	0.2162912910918755	0.9851372605609212	-1	0.10479528901454745
15.2252533	1	0.2147573103039897	0.9851372605609212	-1	0.10479528901454745
15.3504612	1	0.2147573103039897	0.9856922748489422	-1	0.10100736958674307
15.3504612	1	0.20862138715244738	0.9856922748489422	-1	0.10100736958674307
15.4748807	1	0.20862138715244738	0.9879052508325402	-1	0.08580862993437574
15.4748807	1	0.20862138715244738	0.9879052508325402	-1	0.08580862993437574
15.597957	1	0.20862138715244738	0.9879052508325402	-1	0.08580862993437574
15.597957	1	0.20401944478879042	0.9879052508325402	-1	0.08580862993437574
15.7232289	1	0.20401944478879042	0.9895576208125694	-1	0.07436016015689004
15.7232289	1	0.2024854640009046	0.9895576208125694	-1	0.07436016015689004
15.8487529	1	0.2024854640009046	0.9901070223109422	-1	0.07053459117616404
15.8487529	1	0.2024854640009046	0.9901070223109422	-1	0.07053459117616404
15.9720009	1	0.2024854640009046	0.9901070223109422	-1	0.07053459117616404
15.9720009	1	0.2024854640009046	0.9901070223109422	-1	0.07053459117616404
16.0950228	1	0.2024854640009046	0.9901070223109422	-1	0.07053459117616404
16.0950228	1	0.2024854640009046	0.9901070223109422	-1	0.07053459117616404
16.2200926	1	0.2024854640009046	0.9901070223109422	-1	0.07053459117616404
16.2200926	1	0.2024854640009046	0.9901070223109422	-1	0.07053459117616404
16.3448021	1	0.2024854640009046	0.9901070223109422	-1	0.07053459117616404
16.3448021	1	0.2024854640009046	0.9901070223109422	-1	0.07053459117616404
16.4679272	1	0.2024854640009046	0.9901070223109422	-1	0.07053459117616404
16.4679272	1	0.2024854640009046	0.9901070223109422	-1	0.07053459117616404
16.5912685	1	0.2024854640009046	0.9901070223109422	-1	0.07053459117616404
16.5912685	1	0.2024854640009046	0.9901070223109422	-1	0.07053459117616404
16.7144298	1	0.2024854640009046	0.9901070223109422	-1	0.07053459117616404
16.7144298	1	0.2024854640009046	0.9901070223109422	-1	0.07053459117616404
16.8369384	1	0.2024854640009046	0.9901070223109422	-1	0.07053459117616404
16.8369384	1	0.2024854640009046	0.9901070223109422	-1	0.07053459117616404
16.9596288	1	0.2024854640009046	0.9901070223109422	-1	0.07053459117616404
16.9596288	1	0.2024854640009046	0.9901070223109422	-1	0.07053459117616404
17.0856024	1	0.2024854640009046	0.9901070223109422	-1	0.07053459117616404
17.0856024	1	0.2024854640009046	0.9901070223109422	-1	0.07053459117616404
17.2094246	1	0.2024854640009046	0.9901070223109422	-1	0.07053459117616404
17.2094246	1	0.2024854640009046	0.9901070223109422	-1	0.07053459117616404
17.3331516	1	0.2024854640009046	0.9901070223109422	-1	0.07053459117616404
17.3331516	1	0.2024854640009046	0.9901070223109422	-1	0.07053459117616404
17.474672	1	0.2024854640009046	0.9901070223109422	-1	0.07053459117616404
17.474672	1	0.2024854640009046	0.9901070223109422	-1	0.07053459117616404
17.5987586	1	0.2024854640009046	0.9901070223109422	-1	0.07053459117616404
17.5987586	1	0.2024854640009046	0.9901070223109422	-1	0.07053459117616404
17.7221992	1	0.2024854640009046	0.9901070223109422	-1	0.07053459117616404
17.7221992	1	0.2024854640009046	0.9901070223109422	-1	0.07053459117616404
17.846143	1	0.2024854640009046	0.9901070223109422	-1	0.07053459117616404
17.846143	1	0.2024854640009046	0.9901070223109422	-1	0.07053459117616404
17.9861807	1	0.2024854640009046	0.9901070223109422	-1	0.07053459117616404
17.9861807	1	0.2024854640009046	0.9901070223109422	-1	0.07053459117616404
18.1114794	1	0.2024854640009046	0.9901070223109422	-1	0.07053459117616404
18.1114794	1	0.2024854640009046	0.9901070223109422	-1	0.07053459117616404
18.1114794	1	0.2024854640009046	0.9901070223109422	-1	0.07053459117616404
18.2545945	1	0.2024854640009046	0.9901070223109422	-1	0.07053459117616404
18.2545945	1	0.2024854640009046	0.9901070223109422	-1	0.07053459117616404
18.3773941	1	0.2024854640009046	0.9901070223109422	-1	0.07053459117616404
18.3773941	1	0.2024854640009046	0.9901070223109422	-1	0.07053459117616404
18.5025242	1	0.2024854640009046	0.9901070223109422	-1	0.07053459117616404
18.5025242	1	0.2024854640009046	0.9901070223109422	-1	0.07053459117616404
18.6273628	1	0.2024854640009046	0.9901070223109422	-1	0.07053459117616404
18.6273628	1	0.2024854640009046	0.9901070223109422	-1	0.07053459117616404
18.7500225	1	0.2024854640009046	0.9901070223109422	-1	0.07053459117616404
18.7500225	1	0.2024854640009046	0.9901070223109422	-1	0.07053459117616404
18.8737095	1	0.2024854640009046	0.9901070223109422	-1	0.07053459117616404
18.8737095	1	0.2024854640009046	0.9901070223109422	-1	0.07053459117616404
18.9989726	1	0.2024854640009046	0.9901070223109422	-1	0.07053459117616404
18.9989726	1	0.2024854640009046	0.9901070223109422	-1	0.07053459117616404
19.122541	1	0.2024854640009046	0.9901070223109422	-1	0.07053459117616404
19.122541	1	0.2024854640009046	0.9901070223109422	-1	0.07053459117616404
19.2474935	1	0.2024854640009046	0.9901070223109422	-1	0.07053459117616404
19.2474935	1	0.2024854640009046	0.9901070223109422	-1	0.07053459117616404
19.3886625	1	0.2024854640009046	0.9901070223109422	-1	0.07053459117616404
19.3886625	1	0.2024854640009046	0.9901070223109422	-1	0.07053459117616404
19.5119666	1	0.2024854640009046	0.9901070223109422	-1	0.07053459117616404
19.5119666	1	0.2024854640009046	0.9901070223109422	-1	0.07053459117616404
19.6361832	1	0.2024854640009046	0.9901070223109422	-1	0.07053459117616404
19.6361832	1	0.2024854640009046	0.9901070223109422	-1	0.07053459117616404
19.7597827	1	0.2024854640009046	0.9901070223109422	-1	0.07053459117616404
19.7597827	1	0.2024854640009046	0.9901070223109422	-1	0.07053459117616404
19.8842998	1	0.2024854640009046	0.9901070223109422	-1	0.07053459117616404
19.8842998	1	0.2009514832130188	0.9901070223109422	-1	0.07053459117616404
20.0082182	1	0.2009514832130188	0.9906557338242619	-1	0.06670431600132282
20.0082182	1	0.2024854640009046	0.9906557338242619	-1	0.06670431600132282
20.1319908	1	0.2024854640009046	0	0	0.07053459117616404
20.1319908	1	0.2024854640009046	0	0	0.07053459117616404
20.2555212	1	0.2024854640009046	0	0	0.07053459117616404
20.2555212	1	0.2024854640009046	0	0	0.07053459117616404
20.3799185	1	0.2024854640009046	0.9901070223109422	-1	0.07053459117616404
20.3799185	1	0.2024854640009046	0.9901070223109422	-1	0.07053459117616404
20.5027598	1	0.2024854640009046	0.9901070223109422	-1	0.07053459117616404
20.5027598	1	0.2024854640009046	0.9901070223109422	-1	0.07053459117616404
20.6273299	1	0.2024854640009046	0.9901070223109422	-1	0.07053459117616404
20.6273299	1	0.2024854640009046	0.9901070223109422	-1	0.07053459117616404
20.7512948	1	0.2024854640009046	0.9901070223109422	-1	0.07053459117616404
20.7512948	1	0.2024854640009046	0.9901070223109422	-1	0.07053459117616404
20.8767127	1	0.2024854640009046	0.9901070223109422	-1	0.07053459117616404
20.8767127	1	0.2024854640009046	0.9901070223109422	-1	0.07053459117616404
21.0002738	1	0.2024854640009046	0.9901070223109422	-1	0.07053459117616404
21.0002738	1	0.2024854640009046	0.9901070223109422	-1	0.07053459117616404
21.1247907	1	0.2024854640009046	0.9901070223109422	-1	0.07053459117616404
21.1247907	1	0.2024854640009046	0.9901070223109422	-1	0.07053459117616404
21.251107	1	0.2024854640009046	0.9901070223109422	-1	0.07053459117616404
21.251107	1	0.2024854640009046	0.9901070223109422	-1	0.07053459117616404
21.3752892	1	0.2024854640009046	0.9901070223109422	-1	0.07053459117616404
21.3752892	1	0.2024854640009046	0.9901070223109422	-1	0.07053459117616404
21.4986867	1	0.2024854640009046	0	0	0.07053459117616404
21.4986867	1	0.2024854640009046	0	0	0.07053459117616404
21.6235113	1	0.2024854640009046	0	0	0.07053459117616404
21.6235113	1	0.2024854640009046	0	0	0.07053459117616404
21.7455684	1	0.2024854640009046	0	1	0.07053459117616404
21.7455684	1	0.20708740636456158	0	1	0.07053459117616404
21.8700703	1	0.20708740636456158	0	1	0.08199717953599535
21.8700703	1	0.30066023442558576	0	1	0.08199717953599535
21.9930408	1	0.30066023442558576	0	1	0.305883318606351
21.9930408	1	0.43565054375952217	0	1	0.305883318606351
22.1153157	1	0.43565054375952217	0	1	0.5980127925803699
22.1153157	1	0.5522330836388307	0	1	0.5980127925803699
22.2388352	1	0.5522330836388307	0	1	0.8209774274683406
22.2388352	1	0.6764855274575678	0	1	0.8209774274683406
22.3795958	1	0.6764855274575678	0	1	1.0286864530542559
22.3795958	1	0.8176117599430466	0	1	1.0286864530542559
22.5022266	1	0.8176117599430466	0	1	1.2271509844077317
22.5022266	1	0.9403302229738983	0	1	1.2271509844077317
22.6265136	1	0.9403302229738983	0	1	1.3673502222459744
22.6265136	1	1.0661166475805208	0	1	1.3673502222459744
22.7503887	1	1.0661166475805208	0	1	1.4797958997169838
22.7503887	1	1.1934370529750291	0	1	1.4797958997169838
22.8758682	1	1.1934370529750291	0	1	1.561387201733777
22.8758682	1	1.3192234775816516	0	1	1.561387201733777
22.9994907	1	1.3192234775816516	0	1	1.6101580728260698
22.9994907	1	1.4480778637640457	0	1	1.6101580728260698
23.1238376	1	1.4480778637640457	0	1	1.6273068919884321
23.1238376	1	1.575398269158553	0	1	1.6273068919884321
23.2469622	1	1.575398269158553	0	1	1.611635280226294
23.2469622	1	1.7027186745530614	0	1	1.611635280226294
23.3712123	1	1.7027186745530614	0	1	1.563542697204512
23.3712123	1	1.8315730607354554	0	1	1.563542697204512
23.4962008	1	1.8315730607354554	-0.32003135458933385	1	1.4818614399475798
23.4962008	1	1.9604274469178495	-0.32003135458933385	1	1.4818614399475798
23.6200582	1	1.9604274469178495	-0.5311550814399705	1	1.3669732770137644
23.6200582	1	2.0478643518273314	-0.5311550814399705	1	1.3669732770137644
23.74461	1	2.0478643518273314	-0.6281096940204294	1	1.2701016111138685
23.74461	1	2.1061556217669857	-0.6281096940204294	1	1.2701016111138685
23.8682407	1	2.1061556217669857	-0.680652746018106	1	1.1970258201359945
23.8682407	1	2.155243006979326	-0.680652746018106	1	1.1970258201359945
23.9924421	1	2.155243006979326	-0.7194690585182278	1	1.1302173745350714
23.9924421	1	2.1951265074643524	-0.7194690585182278	1	1.1302173745350714
24.1160084	1	2.1951265074643524	-0.748074155031925	1	1.0723870421214574
24.1160084	1	2.231942046373608	-0.748074155031925	1	1.0723870421214574
24.2415154	1	2.231942046373608	-0.7725203445581026	1	1.0161814803474596
24.2415154	1	2.267223604494978	-0.7725203445581026	1	1.0161814803474596
24.3650709	1	2.267223604494978	-0.7944254584792334	1	0.9597741190614436
24.3650709	1	2.2963692394648048	-0.7944254584792334	1	0.9597741190614436
24.4892244	1	2.2963692394648048	-0.811531553781064	1	0.911298962199291
24.4892244	1	2.3224469128588607	-0.811531553781064	1	0.911298962199291
24.6117265	1	2.3224469128588607	-0.8261569281780251	1	0.8664863580286378
24.6117265	1	2.3485245862529167	-0.8261569281780251	1	0.8664863580286378
24.7355794	1	2.3485245862529167	-0.8401981348328121	1	0.8203136637586906
24.7355794	1	2.3700003172833153	-0.8401981348328121	1	0.8203136637586906
24.8597491	1	2.3700003172833153	-0.8513579630510477	1	0.7812678478839709
24.8597491	1	2.3914760483137147	-0.8513579630510477	1	0.7812678478839709
24.9845453	1	2.3914760483137147	-0.8621800513684412	1	0.7412996179626693
24.9845453	1	2.4098838177683426	-0.8621800513684412	1	0.7412996179626693
25.1093263	1	2.4098838177683426	-0.8712045006738662	1	0.7063069688910109
25.1093263	1	2.4298255680108554	-0.8712045006738662	1	0.7063069688910109
25.2318963	1	2.4298255680108554	-0.8807348834754039	1	0.6676335091863282
25.2318963	1	2.4451653758897116	-0.8807348834754039	1	0.6676335091863282
25.3560212	1	2.4451653758897116	-0.8879011794080982	1	0.637343481705631
25.3560212	1	2.4605051837685687	-0.8879011794080982	1	0.637343481705631
25.4783929	1	2.4605051837685687	-0.8949313778481718	1	0.6065828348134117
25.4783929	1	2.4789129532231957	-0.8949313778481718	1	0.6065828348134117
25.6027149	1	2.4789129532231957	-0.9031965395836918	1	0.5690488409195446
25.6027149	1	2.4881168379505096	-0.9031965395836918	1	0.5690488409195446
25.7281984	1	2.4881168379505096	-0.9072620308163378	1	0.5500277094903891
25.7281984	1	2.501922665041481	-0.9072620308163378	1	0.5500277094903891
25.8537302	1	2.501922665041481	-0.9132797081413482	1	0.5211783442438787
25.8537302	1	2.5141945113445656	-0.9132797081413482	1	0.5211783442438787
25.9788182	1	2.5141945113445656	-0.9185502894798031	1	0.4952144428249264
25.9788182	1	2.526466357647651	-0.9185502894798031	1	0.4952144428249264
26.1027257	1	2.526466357647651	-0.9237496526373141	1	0.46894934498259916
26.1027257	1	2.535670242374965	-0.9237496526373141	1	0.46894934498259916
26.2267892	1	2.535670242374965	-0.9276038911307041	1	0.4490528614480156
26.2267892	1	2.544874127102279	-0.9276038911307041	1	0.4490528614480156
26.3511316	1	2.544874127102279	-0.9314204027004851	1	0.4289869549252847
26.3511316	1	2.554078011829593	-0.9314204027004851	1	0.4289869549252847
26.4739428	1	2.554078011829593	-0.9352001310172132	1	0.40875162541440646
26.4739428	1	2.563281896556906	-0.9352001310172132	1	0.40875162541440646
26.5967952	1	2.563281896556906	-0.9389439885394056	1	0.3883468729153828
26.5967952	1	2.57248578128422	-0.9389439885394056	1	0.3883468729153828
26.7213773	1	2.57248578128422	-0.9426528577933875	1	0.3677726974282098
26.7213773	1	2.581689666011534	-0.9426528577933875	1	0.3677726974282098
26.8458662	1	2.581689666011534	-0.946327592590671	1	0.34702909895288947
26.8458662	1	2.589359569950962	-0.946327592590671	1	0.34702909895288947
26.9692909	1	2.589359569950962	-0.9493643935611954	1	0.3296133465519547
26.9692909	1	2.59702947389039	-0.9493643935611954	1	0.3296133465519547
27.0923722	1	2.59702947389039	-0.9523785283808178	1	0.3120799392981398
27.0923722	1	2.6016314162540475	-0.9523785283808178	1	0.3120799392981398
27.2178464	1	2.6016314162540475	-0.9541763179466564	1	0.30150342061646723
27.2178464	1	2.606233358617704	-0.9541763179466564	1	0.30150342061646723
27.3416638	1	2.606233358617704	-0.955966206057648	1	0.29088454618775983
27.3416638	1	2.613903262557132	-0.955966206057648	1	0.29088454618775983
27.4652109	1	2.613903262557132	-0.9589320487232694	1	0.2730922982576088
27.4652109	1	2.6185052049207895	-0.9589320487232694	1	0.2730922982576088
27.5868619	1	2.6185052049207895	-0.9607013217644929	1	0.2623604751701344
27.5868619	1	2.6261751088602177	-0.9607013217644929	1	0.2623604751701344
27.7110129	1	2.6261751088602177	-0.9636333451013751	1	0.2443799794753751
27.7110129	1	2.630777051223874	-0.9636333451013751	1	0.2443799794753751
27.8344592	1	2.630777051223874	-0.9653826438358385	1	0.2335352077291379
27.8344592	1	2.638446955163303	-0.9653826438358385	1	0.2335352077291379
27.9579929	1	2.638446955163303	-0.9682818936173581	1	0.21536646426976835
27.9579929	1	2.639980935951188	-0.9682818936173581	1	0.21536646426976835
28.0805273	1	2.639980935951188	-0.9688593346377912	1	0.21171859699555093
28.0805273	1	2.6430488975269597	-0.9688593346377912	1	0.21171859699555093
28.2046159	1	2.6430488975269597	-0.9700118325254266	1	0.20440874386476626
28.2046159	1	2.6476508398906162	-0.9700118325254266	1	0.20440874386476626
28.3292841	1	2.6476508398906162	-0.9717346647864606	1	0.19340866771272736
28.3292841	1	2.649184820678502	-0.9717346647864606	1	0.19340866771272736
28.45339	1	2.649184820678502	-0.9723073770953263	1	0.1897325632738166
28.45339	1	2.6522527822542736	-0.9723073770953263	1	0.1897325632738166
28.5779976	1	2.6522527822542736	-0.9734504720213826	1	0.18236623581364947
28.5779976	1	2.65685472461793	-0.9734504720213826	1	0.18236623581364947
28.7025945	1	2.65685472461793	-0.9751593346059761	1	0.17128144816753688
28.7025945	1	2.658388705405816	-0.9751593346059761	1	0.17128144816753688
28.8257405	1	2.658388705405816	-0.975727425927609	1	0.16757710656393487
28.8257405	1	2.6629906477694734	-0.975727425927609	1	0.16757710656393487
28.9494874	1	2.6629906477694734	-0.9774271518995608	1	0.15643584458843768
28.9494874	1	2.66759259013313	-0.9774271518995608	1	0.15643584458843768
29.0717949	1	2.66759259013313	-0.9791201160543392	1	0.1452522268659058
29.0717949	1	2.6706605517089015	-0.9791201160543392	1	0.1452522268659058
29.1942777	1	2.6706605517089015	-0.98024504003153	1	0.13777295074697374
29.1942777	1	2.675262494072558	-0.98024504003153	1	0.13777295074697374
29.318886	1	2.675262494072558	-0.9819269036865718	1	0.1265187401127138
29.318886	1	2.6798644364362154	-0.9819269036865718	1	0.1265187401127138
29.4423843	1	2.6798644364362154	-0.9836022067024922	1	0.11522217373141484
29.4423843	1	2.6798644364362154	-0.9836022067024922	1	0.11522217373141484
29.5686695	1	2.6798644364362154	-0.9836022067024922	1	0.11522217373141484
29.5686695	1	2.6860003595877577	-0.9836022067024922	1	0.11522217373141484
29.6909518	1	2.6860003595877577	-0.9858258652964188	1	0.10009419850540555
29.6909518	1	2.6906023019514143	-0.9858258652964188	1	0.10009419850540555
29.8327187	1	2.6906023019514143	-0.9874861436524587	1	0.08869880204768947
29.8327187	1	2.6967382251029575	-0.9874861436524587	1	0.08869880204768947
29.9591635	1	2.6967382251029575	-0.9896900287514582	1	0.07343905338645225
29.9591635	1	2.701340167466614	-0.9896900287514582	1	0.07343905338645225
30.0834571	1	2.701340167466614	-0.9913356683375313	1	0.0619448268523169
30.0834571	1	2.7028741482545	-0.9913356683375313	1	0.0619448268523169
30.2060159	1	2.7028741482545	-0.9918828428707367	1	0.05810400561937397
30.2060159	1	2.7028741482545	-0.9918828428707367	1	0.05810400561937397
30.3312681	1	2.7028741482545	-0.9918828428707367	1	0.05810400561937397
30.3312681	1	2.7028741482545	-0.9918828428707367	1	0.05810400561937397
30.4544064	1	2.7028741482545	-0.9918828428707367	1	0.05810400561937397
30.4544064	1	2.7028741482545	-0.9918828428707367	1	0.05810400561937397
30.5773162	1	2.7028741482545	-0.9918828428707367	1	0.05810400561937397
30.5773162	1	2.7028741482545	-0.9918828428707367	1	0.05810400561937397
30.6996151	1	2.7028741482545	-0.9918828428707367	1	0.05810400561937397
30.6996151	1	2.7028741482545	-0.9918828428707367	1	0.05810400561937397
30.8236368	1	2.7028741482545	-0.9918828428707367	1	0.05810400561937397
30.8236368	1	2.7028741482545	-0.9918828428707367	1	0.05810400561937397
30.9470347	1	2.7028741482545	-0.9918828428707367	1	0.05810400561937397
30.9470347	1	2.7028741482545	-0.9918828428707367	1	0.05810400561937397
31.0712067	1	2.7028741482545	-0.9918828428707367	1	0.05810400561937397
31.0712067	1	2.7028741482545	-0.9918828428707367	1	0.05810400561937397
31.1964887	1	2.7028741482545	-0.9918828428707367	1	0.05810400561937397
31.1964887	1	2.7028741482545	-0.9918828428707367	1	0.05810400561937397
31.320929	1	2.7028741482545	-0.9918828428707367	1	0.05810400561937397
31.320929	1	2.7028741482545	-0.9918828428707367	1	0.05810400561937397
31.4448864	1	2.7028741482545	-0.9918828428707367	1	0.05810400561937397
31.4448864	1	2.7028741482545	-0.9918828428707367	1	0.05810400561937397
31.5687781	1	2.7028741482545	-0.9918828428707367	1	0.05810400561937397
31.5687781	1	2.7028741482545	-0.9918828428707367	1	0.05810400561937397
31.6919222	1	2.7028741482545	-0.9918828428707367	1	0.05810400561937397
31.6919222	1	2.7028741482545	-0.9918828428707367	1	0.05810400561937397
31.8145005	1	2.7028741482545	-0.9918828428707367	1	0.05810400561937397
31.8145005	1	2.7028741482545	-0.9918828428707367	1	0.05810400561937397
31.9375658	1	2.7028741482545	-0.9918828428707367	1	0.05810400561937397
31.9375658	1	2.7028741482545	-0.9918828428707367	1	0.05810400561937397
32.0609444	1	2.7028741482545	-0.9918828428707367	1	0.05810400561937397
32.0609444	1	2.7028741482545	-0.9918828428707367	1	0.05810400561937397
32.1849401	1	2.7028741482545	-0.9918828428707367	1	0.05810400561937397
32.1849401	1	2.7028741482545	-0.9918828428707367	1	0.05810400561937397
32.3081421	1	2.7028741482545	-0.9918828428707367	1	0.05810400561937397
32.3081421	1	2.7028741482545	-0.9918828428707367	1	0.05810400561937397
32.4336548	1	2.7028741482545	-0.9918828428707367	1	0.05810400561937397
32.4336548	1	2.7028741482545	-0.9918828428707367	1	0.05810400561937397
32.5562811	1	2.7028741482545	-0.9918828428707367	1	0.05810400561937397
32.5562811	1	2.7028741482545	-0.9918828428707367	1	0.05810400561937397
32.6797378	1	2.7028741482545	-0.9918828428707367	1	0.05810400561937397
32.6797378	1	2.7028741482545	-0.9918828428707367	1	0.05810400561937397
32.8049982	1	2.7028741482545	-0.9918828428707367	1	0.05810400561937397
32.8049982	1	2.7028741482545	-0.9918828428707367	1	0.05810400561937397
32.9283493	1	2.7028741482545	-0.9918828428707367	1	0.05810400561937397
32.9283493	1	2.7028741482545	-0.9918828428707367	1	0.05810400561937397
33.0510064	1	2.7028741482545	-0.9918828428707367	1	0.05810400561937397
33.0510064	1	2.7028741482545	-0.9918828428707367	1	0.05810400561937397
33.1754817	1	2.7028741482545	-0.9918828428707367	1	0.05810400561937397
33.1754817	1	2.7028741482545	-0.9918828428707367	1	0.05810400561937397
33.29801	1	2.7028741482545	-0.9918828428707367	1	0.05810400561937397
33.29801	1	2.7028741482545	-0.9918828428707367	1	0.05810400561937397
33.4234604	1	2.7028741482545	0	0	0.05810400561937397
33.4234604	1	2.7028741482545	0	0	0.05810400561937397
33.5493333	1	2.7028741482545	0	0	0.05810400561937397
33.5493333	1	2.7028741482545	0	0	0.05810400561937397
33.6746721	1	2.7028741482545	0	0	0.05810400561937397
33.6746721	1	2.7028741482545	0	0	0.05810400561937397
33.7990161	1	2.7028741482545	0	0	0.05810400561937397
33.7990161	1	2.7028741482545	0	0	0.05810400561937397
33.9224673	1	2.7028741482545	0	-1	0.05810400561937397
33.9224673	1	2.699806186678728	0	-1	0.05810400561937397
34.0473514	1	2.699806186678728	0	-1	0.06578094189114463
34.0473514	1	2.5740197620721057	0	-1	0.06578094189114463
34.172328	1	2.5740197620721057	0	-1	0.3643271965009441
34.172328	1	2.399145952253143	0	-1	0.3643271965009441
34.172328	1	2.399145952253143	0	-1	0.3643271965009441
34.3127045	1	2.399145952253143	0	0	0.7268017059131614
34.3127045	1	2.276427489222291	0	0	0.7268017059131614
34.4360013	1	2.276427489222291	0	0	0.944649716359679
34.4360013	1	2.2810294315859485	0	0	0.944649716359679
34.5620484	1	2.2810294315859485	-0.802633343010449	1	0.9370239813882398
34.5620484	1	2.28409739316172	-0.802633343010449	1	0.9370239813882398
34.6852284	1	2.28409739316172	-0.8044312736434706	1	0.9319166271033711
34.6852284	1	2.304039143404233	-0.8044312736434706	1	0.9319166271033711
34.808918	1	2.304039143404233	-0.8158969341012868	1	0.8982599703254964
34.808918	1	2.330116816798289	-0.8158969341012868	1	0.8982599703254964
34.9322675	1	2.330116816798289	-0.8303450093626016	1	0.8530473396550509
34.9322675	1	2.3531265286165732	-0.8303450093626016	1	0.8530473396550509
35.0572122	1	2.3531265286165732	-0.8426191663566096	1	0.8120243554170092
35.0572122	1	2.3776702212227434	-0.8426191663566096	1	0.8120243554170092
35.1800811	1	2.3776702212227434	-0.8552605473839544	1	0.7670993694225272
35.1800811	1	2.399145952253143	-0.8552605473839544	1	0.7670993694225272
35.3037212	1	2.399145952253143	-0.8659675989391722	1	0.7268017059131614
35.3037212	1	2.4175537217077707	-0.8659675989391722	1	0.7268017059131614
35.4260866	1	2.4175537217077707	-0.874899505699641	1	0.6915266851945906
35.4260866	1	2.4359614911623986	-0.874899505699641	1	0.6915266851945906
35.5495229	1	2.4359614911623986	-0.8836181401751604	1	0.6555739725234304
35.5495229	1	2.4528352798291406	-0.8836181401751604	1	0.6555739725234304
35.6716535	1	2.4528352798291406	-0.8914329004003663	1	0.6220219856859606
35.6716535	1	2.468175087707997	-0.8914329004003663	1	0.6220219856859606
35.7946032	1	2.468175087707997	-0.8983973631647227	1	0.5910260290879826
35.7946032	1	2.4865828571626247	-0.8983973631647227	1	0.5910260290879826
35.9191403	1	2.4865828571626247	-0.9065874767924668	1	0.5532096635472015
35.9191403	1	2.494252761102053	-0.9065874767924668	1	0.5532096635472015
36.0435728	1	2.494252761102053	-0.9099483134652363	1	0.5372528313219801
36.0435728	1	2.511126549768795	-0.9099483134652363	1	0.5372528313219801
36.1689987	1	2.511126549768795	-0.9172394173867713	1	0.5017336553443548
36.1689987	1	2.5218644152839937	-0.9172394173867713	1	0.5017336553443548
36.2936652	1	2.5218644152839937	-0.9218080820328355	1	0.47883405312933663
36.2936652	1	2.529534319223422	-0.9218080820328355	1	0.47883405312933663
36.4184773	1	2.529534319223422	-0.9250386502580538	1	0.4623360085808667
36.4184773	1	2.538738203950736	-0.9250386502580538	1	0.4623360085808667
36.5425394	1	2.538738203950736	-0.9288802062766468	1	0.44238305071690076
36.5425394	1	2.5479420886780497	-0.9288802062766468	1	0.44238305071690076
36.6652505	1	2.5479420886780497	-0.9326843534781725	1	0.4222606698647874
36.6652505	1	2.5571459734053636	-0.9326843534781725	1	0.4222606698647874
36.7875944	1	2.5571459734053636	-0.9364520249829609	1	0.4019688660245267
36.7875944	1	2.5663498581326776	-0.9364520249829609	1	0.4019688660245267
36.9102821	1	2.5663498581326776	-0.9401841231330866	1	0.38150763919611863
36.9102821	1	2.5755537428599915	-0.9401841231330866	1	0.38150763919611863
37.0500396	1	2.5755537428599915	-0.9438815207509864	1	0.36087698937956314
37.0500396	1	2.5847576275873054	-0.9438815207509864	1	0.36087698937956314
37.1745732	1	2.5847576275873054	-0.9475450623368153	1	0.34007691657486033
37.1745732	1	2.5908935507388478	-0.9475450623368153	1	0.34007691657486033
37.2988676	1	2.5908935507388478	-0.9499690191864052	1	0.32611607748942173
37.2988676	1	2.59702947389039	-0.9499690191864052	1	0.32611607748942173
37.4221701	1	2.59702947389039	-0.9523785283808178	1	0.3120799392981398
37.4221701	1	2.6031653970419333	-0.9523785283808178	1	0.3120799392981398
37.5457347	1	2.6031653970419333	-0.9547738205841657	1	0.29796850200101266
37.5457347	1	2.60776733940559	-0.9547738205841657	1	0.29796850200101266
37.6678931	1	2.60776733940559	-0.9565610958369838	1	0.28733550898995963
37.6678931	1	2.615437243345018	-0.9565610958369838	1	0.28733550898995963
37.7917249	1	2.615437243345018	-0.9595226523815465	1	0.2695197300892325
37.7917249	1	2.6200391857086753	-0.9595226523815465	1	0.2695197300892325
37.9160238	1	2.6200391857086753	-0.9612893941449856	1	0.2587737884194125
37.9160238	1	2.6261751088602177	-0.9612893941449856	1	0.2587737884194125
38.0404267	1	2.6261751088602177	-0.9636333451013751	1	0.2443799794753751
38.0404267	1	2.633845012799646	-0.9636333451013751	1	0.2443799794753751
38.1655275	1	2.633845012799646	-0.9665447651719895	1	0.2262818289277357
38.1655275	1	2.638446955163303	-0.9665447651719895	1	0.2262818289277357
38.2872	1	2.638446955163303	-0.9682818936173581	1	0.21536646426976835
38.2872	1	2.641514916739074	-0.9682818936173581	1	0.21536646426976835
38.4116608	1	2.641514916739074	-0.969435979917178	1	0.2080660235272162
38.4116608	1	2.6445828783148455	-0.969435979917178	1	0.2080660235272162
38.5359376	1	2.6445828783148455	-0.9705868955166734	1	0.20074675800820113
38.5359376	1	2.6476508398906162	-0.9705868955166734	1	0.20074675800820113
38.6609159	1	2.6476508398906162	-0.9717346647864606	1	0.19340866771272736
38.6609159	1	2.650718801466388	-0.9717346647864606	1	0.19340866771272736
38.7845308	1	2.650718801466388	-0.9728793118480391	1	0.18605175264079063
38.7845308	1	2.6553207438300452	-0.9728793118480391	1	0.18605175264079063
38.9084495	1	2.6553207438300452	-0.9745904804613142	1	0.1749810835770215
38.9084495	1	2.65685472461793	-0.9745904804613142	1	0.1749810835770215
39.0313648	1	2.65685472461793	-0.9751593346059761	1	0.17128144816753688
39.0313648	1	2.6599226861937018	-0.9751593346059761	1	0.17128144816753688
39.156285	1	2.6599226861937018	-0.9762947573280762	1	0.16386805876621768
39.156285	1	2.6645246285573583	-0.9762947573280762	1	0.16386805876621768
39.280749	1	2.6645246285573583	-0.9779922208011762	1	0.15271267820837703
39.280749	1	2.66759259013313	-0.9779922208011762	1	0.15271267820837703
39.404316	1	2.66759259013313	-0.9791201160543392	1	0.1452522268659058
39.404316	1	2.6706605517089015	-0.9791201160543392	1	0.1452522268659058
39.5285425	1	2.6706605517089015	-0.98024504003153	1	0.13777295074697374
39.5285425	1	2.675262494072558	-0.98024504003153	1	0.13777295074697374
39.6530831	1	2.675262494072558	-0.9819269036865718	1	0.1265187401127138
39.6530831	1	2.6798644364362154	-0.9819269036865718	1	0.1265187401127138
39.7767245	1	2.6798644364362154	-0.9836022067024922	1	0.11522217373141484
39.7767245	1	2.6798644364362154	-0.9836022067024922	1	0.11522217373141484
39.9003682	1	2.6798644364362154	-0.9836022067024922	1	0.11522217373141484
39.9003682	1	2.6875343403756435	-0.9836022067024922	1	0.11522217373141484
40.0257485	1	2.6875343403756435	-0.9863799980162834	1	0.09630043921361466
40.0257485	1	2.6906023019514143	-0.9863799980162834	1	0.09630043921361466
40.1489182	1	2.6906023019514143	-0.9874861436524587	1	0.08869880204768947
40.1489182	1	2.6967382251029575	-0.9874861436524587	1	0.08869880204768947
40.2718418	1	2.6967382251029575	0	0	0.07343905338645225
40.2718418	1	2.7028741482545	0	0	0.07343905338645225
40.3958094	1	2.7028741482545	0	0	0.05810400561937397
40.3958094	1	2.7028741482545	0	0	0.05810400561937397
40.5190073	1	2.7028741482545	0	0	0.05810400561937397
40.5190073	1	2.7028741482545	0	0	0.05810400561937397
40.6433774	1	2.7028741482545	0	0	0.05810400561937397
40.6433774	1	2.7028741482545	0	0	0.05810400561937397
40.7688131	1	2.7028741482545	0	0	0.05810400561937397
40.7688131	1	2.7028741482545	0	0	0.05810400561937397
40.8929327	1	2.7028741482545	-0.9918828428707367	1	0.05810400561937397
40.8929327	1	2.7028741482545	-0.9918828428707367	1	0.05810400561937397
41.0169863	1	2.7028741482545	-0.9918828428707367	1	0.05810400561937397
41.0169863	1	2.7028741482545	-0.9918828428707367	1	0.05810400561937397
41.1410909	1	2.7028741482545	-0.9918828428707367	1	0.05810400561937397
41.1410909	1	2.7028741482545	-0.9918828428707367	1	0.05810400561937397
41.2667337	1	2.7028741482545	-0.9918828428707367	1	0.05810400561937397
41.2667337	1	2.7028741482545	-0.9918828428707367	1	0.05810400561937397
41.3904448	1	2.7028741482545	0	0	0.05810400561937397
41.3904448	1	2.7028741482545	0	0	0.05810400561937397
41.5140537	1	2.7028741482545	0	0	0.05810400561937397
41.5140537	1	2.7028741482545	0	0	0.05810400561937397
41.6389782	1	2.7028741482545	0	0	0.05810400561937397
41.6389782	1	2.7028741482545	0	0	0.05810400561937397
41.76192	1	2.7028741482545	0	0	0.05810400561937397
41.76192	1	2.7028741482545	0	0	0.05810400561937397
41.8868722	1	2.7028741482545	0	0	0.05810400561937397
41.8868722	1	2.7028741482545	0	0	0.05810400561937397
42.0115422	1	2.7028741482545	0	0	0.05810400561937397
42.0115422	1	2.7028741482545	0	0	0.05810400561937397
42.1353235	1	2.7028741482545	0	0	0.05810400561937397
42.1353235	1	2.7028741482545	0	0	0.05810400561937397
42.2584213	1	2.7028741482545	0	0	0.05810400561937397
42.2584213	1	2.7028741482545	0	0	0.05810400561937397
42.3820574	1	2.7028741482545	0	0	0.05810400561937397
42.3820574	1	2.7028741482545	0	0	0.05810400561937397
42.5061796	1	2.7028741482545	0	0	0.05810400561937397
42.5061796	1	2.7028741482545	0	0	0.05810400561937397
42.6299064	1	2.7028741482545	0	0	0.05810400561937397
42.6299064	1	2.7028741482545	0	0	0.05810400561937397
42.755205	1	2.7028741482545	0	0	0.05810400561937397
42.755205	1	2.7028741482545	0	0	0.05810400561937397
42.8777445	1	2.7028741482545	0	0	0.05810400561937397
42.8777445	1	2.7028741482545	0	0	0.05810400561937397
43.0013188	1	2.7028741482545	0	0	0.05810400561937397
43.0013188	1	2.7028741482545	0	0	0.05810400561937397
43.1250466	1	2.7028741482545	0	0	0.05810400561937397
43.1250466	1	2.7028741482545	0	0	0.05810400561937397
43.2481634	1	2.7028741482545	0	0	0.05810400561937397
43.2481634	1	2.7028741482545	0	0	0.05810400561937397
43.3734273	1	2.7028741482545	0	0	0.05810400561937397
43.3734273	1	2.7028741482545	0	0	0.05810400561937397
43.4982581	1	2.7028741482545	0	0	0.05810400561937397
43.4982581	1	2.7028741482545	0	0	0.05810400561937397
43.6229329	1	2.7028741482545	0	0	0.05810400561937397
43.6229329	1	2.7028741482545	0	0	0.05810400561937397
43.7456017	1	2.7028741482545	0	0	0.05810400561937397
43.7456017	1	2.7028741482545	0	0	0.05810400561937397
43.8717	1	2.7028741482545	0	0	0.05810400561937397
43.8717	2	2.7028741482545	0	0	0.05810400561937397
