time	mode	theta	u	uh	h
0	0	0	0	0	0
0	0	2.7320197832243265	0	0	0
0	0	2.7320197832243265	0	0	0
0	0	2.7304858024364416	0	0	0
0	0	2.7304858024364416	0	0	0
0	0	2.7289518216485558	0	0	0
0	0	2.7289518216485558	0	0	0
0	0	2.7289518216485558	0	0	0
0	0	2.7289518216485558	0	0	0
0	0	2.72741784086067	0	0	0
0	0	2.72741784086067	0	0	0
0	0	2.72741784086067	0	0	0
0	0	2.72741784086067	0	0	0
0	0	2.725883860072784	0	0	0
0	0	2.725883860072784	0	0	0
0	0	2.7243498792848984	0	0	0
0	0	2.7243498792848984	0	0	0
0	0	2.7212819177091276	0	0	0
0	0	2.7212819177091276	0	0	0
0	0	2.630777051223874	0	0	0
0	0	2.630777051223874	0	0	0
0	0	2.5862916083751912	0	0	0
0	0	2.5862916083751912	0	0	0
0	0	2.6016314162540475	0	0	0
0	0	2.6016314162540475	0	0	0
0	0	2.6031653970419333	0	0	0
0	0	2.6031653970419333	0	0	0
0	0	2.6031653970419333	0	0	0
0	0	2.6031653970419333	0	0	0
0	0	2.6031653970419333	0	0	0
0	0	2.6031653970419333	0	0	0
0	0	2.604699377829819	0	0	0
0	0	2.604699377829819	0	0	0
0	0	2.604699377829819	0	0	0
0	0	2.604699377829819	0	0	0
0	0	2.604699377829819	0	0	0
0	0	2.604699377829819	0	0	0
0	0	2.604699377829819	0	0	0
0	0	2.604699377829819	0	0	0
0	0	2.604699377829819	0	0	0
0	0	2.604699377829819	0	0	0
0	0	2.604699377829819	0	0	0
0	0	2.604699377829819	0	0	0
0	0	2.604699377829819	0	0	0
0	0	2.604699377829819	0	0	0
0	0	2.604699377829819	0	0	0
0	0	2.604699377829819	0	0	0
0	0	2.604699377829819	0	0	0
0	0	2.604699377829819	0	0	0
0	0	2.604699377829819	0	0	0
0	0	2.604699377829819	0	0	0
0	0	2.604699377829819	0	0	0
0	0	2.604699377829819	0	0	0
0	0	2.604699377829819	0	0	0
0	0	2.604699377829819	0	0	0
0	0	2.604699377829819	0	0	0
0	0	2.604699377829819	0	0	0
0	0	2.604699377829819	0	0	0
0	0	2.604699377829819	0	0	0
0	0	2.604699377829819	0	0	0
0	0	2.604699377829819	0	0	0
0	0	2.604699377829819	0	0	0
0	0	2.604699377829819	0	0	0
0	0	2.604699377829819	0	0	0
0	0	2.604699377829819	0	0	0
0	0	2.604699377829819	0	0	0
0	0	2.604699377829819	0	0	0
0	0	2.604699377829819	0	0	0
0	0	2.604699377829819	0	0	0
0	0	2.604699377829819	0	0	0
0	0	2.604699377829819	0	0	0
0	0	2.604699377829819	0	0	0
0	0	2.604699377829819	0	0	0
0	0	2.604699377829819	0	0	0
0	0	2.604699377829819	0	0	0
0	0	2.604699377829819	0	0	0
0	0	2.604699377829819	0	0	0
0	0	2.604699377829819	0	0	0
0	0	2.604699377829819	0	0	0
0	0	2.604699377829819	0	0	0
0	0	2.604699377829819	0	0	0
0	0	2.604699377829819	0	0	0
0	0	2.604699377829819	0	0	0
0	0	2.604699377829819	0	0	0
0	0	2.604699377829819	0	0	0
0	0	2.604699377829819	0	0	0
0	0	2.604699377829819	0	0	0
0	0	2.604699377829819	0	0	0
0	0	2.604699377829819	0	0	0
0	0	2.604699377829819	0	0	0
0	0	2.604699377829819	0	0	0
0	0	2.604699377829819	0	0	0
0	0	2.604699377829819	0	0	0
0	0	2.604699377829819	0	0	0
0	0	2.604699377829819	0	0	0
0	0	2.604699377829819	0	0	0
0	0	2.604699377829819	0	0	0
0	0	2.604699377829819	0	0	0
0	0	2.604699377829819	0	0	0
0	0	2.604699377829819	0	0	0
0	0	2.604699377829819	0	0	0
0	0	2.604699377829819	0	0	0
0	0	2.604699377829819	0	0	0
0	0	2.604699377829819	0	0	0
0	0	2.604699377829819	0	0	0
0	0	2.604699377829819	0	0	0
0	0	2.604699377829819	0	0	0
0	0	2.604699377829819	0	0	0
0	0	2.604699377829819	0	0	0
7.7E-06	0	2.604699377829819	0	0	0
7.7E-06	0	2.604699377829819	0	0	0
0.1424094	0	2.604699377829819	0	0	0
0.1424094	0	2.604699377829819	0	0	0
0.2666933	0	2.604699377829819	0	0	0
0.2666933	0	2.604699377829819	0	0	0
0.3898787	0	2.604699377829819	0	0	0
0.3898787	0	2.604699377829819	0	0	0
0.5134138	0	2.604699377829819	0	0	0
0.5134138	0	2.604699377829819	0	0	0
0.6369403	0	2.604699377829819	0	0	0
0.6369403	0	2.604699377829819	0	0	0
0.7612011	0	2.604699377829819	0	0	0
0.7612011	0	2.604699377829819	0	0	0
0.8841528	0	2.604699377829819	0	0	0
0.8841528	0	2.604699377829819	0	0	0
1.0076649	0	2.604699377829819	0	0	0
1.0076649	0	2.604699377829819	0	0	0
1.1310314	0	2.604699377829819	0	0	0
1.1310314	1	2.604699377829819	0	0	0
1.2551071	1	2.604699377829819	0	0	0.29442887719144284
1.2551071	1	2.604699377829819	0	0	0.29442887719144284
1.3796589	1	2.604699377829819	0	0	0.29442887719144284
1.3796589	1	2.604699377829819	0	0	0.29442887719144284
1.5019495	1	2.604699377829819	0	0	0.29442887719144284
1.5019495	1	2.604699377829819	0	0	0.29442887719144284
1.6256494	1	2.604699377829819	0	0	0.29442887719144284
1.6256494	1	2.604699377829819	0	0	0.29442887719144284
1.7500312	1	2.604699377829819	0	0	0.29442887719144284
1.7500312	1	2.604699377829819	0	0	0.29442887719144284
1.8739295	1	2.604699377829819	0	0	0.29442887719144284
1.8739295	1	2.604699377829819	0	0	0.29442887719144284
1.9959097	1	2.604699377829819	0	0	0.29442887719144284
1.9959097	1	2.604699377829819	0	0	0.29442887719144284
2.1198355	1	2.604699377829819	0	0	0.29442887719144284
2.1198355	1	2.606233358617704	0	0	0.29442887719144284
2.2444665	1	2.606233358617704	0	0	0.29088454618775983
2.2444665	1	2.604699377829819	0	0	0.29088454618775983
2.3675724	1	2.604699377829819	0	0	0.29442887719144284
2.3675724	1	2.604699377829819	0	0	0.29442887719144284
2.3675724	1	2.604699377829819	0	0	0.29442887719144284
2.5082503	1	2.604699377829819	0	0	0.29442887719144284
2.5082503	1	2.604699377829819	0	0	0.29442887719144284
2.6308455	1	2.604699377829819	0	0	0.29442887719144284
2.6308455	1	2.604699377829819	0	0	0.29442887719144284
2.7541528	1	2.604699377829819	0	0	0.29442887719144284
2.7541528	1	2.604699377829819	0	0	0.29442887719144284
2.8766748	1	2.604699377829819	0	0	0.29442887719144284
2.8766748	1	2.604699377829819	0	0	0.29442887719144284
3.0015317	1	2.604699377829819	0	0	0.29442887719144284
3.0015317	1	2.604699377829819	0	0	0.29442887719144284
3.12527	1	2.604699377829819	0	0	0.29442887719144284
3.12527	1	2.604699377829819	0	0	0.29442887719144284
3.2481139	1	2.604699377829819	0	0	0.29442887719144284
3.2481139	1	2.604699377829819	0	0	0.29442887719144284
3.369692	1	2.604699377829819	0	0	0.29442887719144284
3.369692	1	2.604699377829819	0	0	0.29442887719144284
3.4925039	1	2.604699377829819	0	0	0.29442887719144284
3.4925039	1	2.604699377829819	0	0	0.29442887719144284
3.6157306	1	2.604699377829819	0	0	0.29442887719144284
3.6157306	1	2.604699377829819	0	0	0.29442887719144284
3.7389926	1	2.604699377829819	0	0	0.29442887719144284
3.7389926	1	2.604699377829819	0	0	0.29442887719144284
3.8607082	1	2.604699377829819	0	0	0.29442887719144284
3.8607082	1	2.604699377829819	0	0	0.29442887719144284
3.9842594	1	2.604699377829819	0	-1	0.29442887719144284
3.9842594	1	2.598563454678276	0	-1	0.29442887719144284
4.10603	1	2.598563454678276	0	-1	0.30855913926503087
4.10603	1	2.4697090684958827	0	-1	0.30855913926503087
4.2311875	1	2.4697090684958827	0	-1	0.5879005493605509
4.2311875	1	2.320912932070975	0	-1	0.5879005493605509
4.356576	1	2.320912932070975	0	-1	0.8691600431210099
4.356576	1	2.19972844982801	0	-1	0.8691600431210099
4.4798766	1	2.19972844982801	0	-1	1.065509592014336
4.4798766	1	2.06934008285773	0	-1	1.065509592014336
4.6038422	1	2.06934008285773	0	-1	1.2439695918912699
4.6038422	1	1.9420196774632217	0	-1	1.2439695918912699
4.7276335	1	1.9420196774632217	0	-1	1.3854189475763636
4.7276335	1	1.8131652912808276	0	-1	1.3854189475763636
4.8694506	1	1.8131652912808276	0	-1	1.4955632668420529
4.8694506	1	1.6674371164316923	0	-1	1.4955632668420529
4.9944545	1	1.6674371164316923	0	-1	1.5801168314994365
4.9944545	1	1.541650691825069	0	-1	1.5801168314994365
5.1192915	1	1.541650691825069	0	-1	1.6189470576675606
5.1192915	1	1.4158642672184465	0	-1	1.6189470576675606
5.2427014	1	1.4158642672184465	0	-1	1.6261328346050492
5.2427014	1	1.290077842611824	0	-1	1.6261328346050492
5.3669874	1	1.290077842611824	0	-1	1.601674162311903
5.3669874	1	1.1627574372173157	0	-1	1.601674162311903
5.4931586	1	1.1627574372173157	0.2096836145630707	-1	1.5446915493235138
5.4931586	1	1.0400389741864648	0.2096836145630707	-1	1.5446915493235138
5.6160331	1	1.0400389741864648	0.46477284746778813	-1	1.4590841632216445
5.6160331	1	0.9449321653375549	0.46477284746778813	-1	1.4590841632216445
5.7405822	1	0.9449321653375549	0.5812661299424304	-1	1.372021772497565
5.7405822	1	0.8912428377615571	0.5812661299424304	-1	1.372021772497565
5.8656148	1	0.8912428377615571	0.6310251488769449	-1	1.3148848841911538
5.8656148	1	0.8390874909734456	0.6310251488769449	-1	1.3148848841911538
5.9904912	1	0.8390874909734456	0.6720024968223294	-1	1.2538601127106486
5.9904912	1	0.7976700097005334	0.6720024968223294	-1	1.2538601127106486
6.1147635	1	0.7976700097005334	0.7005799192468114	-1	1.2015237139163766
6.1147635	1	0.7562525284276211	0.7005799192468114	-1	1.2015237139163766
6.2391744	1	0.7562525284276211	0.7263656865864753	-1	1.1457564996121203
6.2391744	1	0.7194369895183659	0.7263656865864753	-1	1.1457564996121203
6.3637008	1	0.7194369895183659	0.7473554573057407	-1	1.0933054516542764
6.3637008	1	0.6872233929727671	0.7473554573057407	-1	1.0933054516542764
6.4885122	1	0.6872233929727671	0.7644697869627708	-1	1.045187107971728
6.4885122	1	0.6550097964271688	0.7644697869627708	-1	1.045187107971728
6.6136443	1	0.6550097964271688	0.7805869948730145	-1	0.9949933326843754
6.6136443	1	0.627398142245227	0.7805869948730145	-1	0.9949933326843754
6.7367339	1	0.627398142245227	0.7937151439161491	-1	0.9503182225893501
6.7367339	1	0.5997864880632857	0.7937151439161491	-1	0.9503182225893501
6.860436	1	0.5997864880632857	0.8062926589304643	-1	0.9041183056009992
6.860436	1	0.5767767762450009	0.8062926589304643	-1	0.9041183056009992
6.9849487	1	0.5767767762450009	0.8164048226337984	-1	0.8644535917338596
6.9849487	1	0.5522330836388307	0.8164048226337984	-1	0.8644535917338596
7.107852	1	0.5522330836388307	0.8268672179915617	-1	0.8209774274683406
7.107852	1	0.5261554102447747	0.8268672179915617	-1	0.8209774274683406
7.2310716	1	0.5261554102447747	0.8376650846194579	-1	0.7734639154869114
7.2310716	1	0.5077476407901473	0.8376650846194579	-1	0.7734639154869114
7.370628	1	0.5077476407901473	0.8451163978144054	-1	0.7391060880769165
7.370628	1	0.48320394818397716	0.8451163978144054	-1	0.7391060880769165
7.4949379	1	0.48320394818397716	0.8548655290569258	-1	0.6922414640484502
7.4949379	1	0.4663301595172351	0.8548655290569258	-1	0.6922414640484502
7.6203178	1	0.4663301595172351	0.8614642000323202	-1	0.6593231652027717
7.6203178	1	0.44792239006260726	0.8614642000323202	-1	0.6593231652027717
7.7441307	1	0.44792239006260726	0.8685846182410878	-1	0.6227628389468602
7.7441307	1	0.4310486013958652	0.8685846182410878	-1	0.6227628389468602
7.8672885	1	0.4310486013958652	0.8750552904015848	-1	0.588653872990035
7.8672885	1	0.41570879351700896	0.8750552904015848	-1	0.588653872990035
7.9922884	1	0.41570879351700896	0.8809038428209688	-1	0.5571515717380977
7.9922884	1	0.4034369472139234	0.8809038428209688	-1	0.5571515717380977
8.1160501	1	0.4034369472139234	0.8855677491780162	-1	0.5316108847602521
8.1160501	1	0.3865631585471814	0.8855677491780162	-1	0.5316108847602521
8.2407127	1	0.3865631585471814	0.8919719741485165	-1	0.4960006428806766
8.2407127	1	0.3727573314562109	0.8919719741485165	-1	0.4960006428806766
8.3630725	1	0.3727573314562109	0.8972162309879469	-1	0.4664414329633835
8.3630725	1	0.35741752357735423	0.8972162309879469	-1	0.4664414329633835
8.4876254	1	0.35741752357735423	0.9030628738383981	-1	0.4331507779476675
8.4876254	1	0.34667965806215495	0.9030628738383981	-1	0.4331507779476675
8.6097754	1	0.34667965806215495	0.9071770850211122	-1	0.40956730088681254
8.6097754	1	0.3359417925469552	0.9071770850211122	-1	0.40956730088681254
8.7346422	1	0.3359417925469552	0.9113170252922063	-1	0.3857532203143116
8.7346422	1	0.3221359654559848	0.9113170252922063	-1	0.3857532203143116
8.8581353	1	0.3221359654559848	0.9166906004524555	-1	0.35479627074480274
8.8581353	1	0.31139809994078504	0.9166906004524555	-1	0.35479627074480274
8.9817825	1	0.31139809994078504	0.9209212861101236	-1	0.33045509643139886
8.9817825	1	0.3037281960013569	0.9209212861101236	-1	0.33045509643139886
9.1049273	1	0.3037281960013569	0.9239773447188452	-1	0.31292735752694056
9.1049273	1	0.294524311274043	0.9239773447188452	-1	0.31292735752694056
9.227374	1	0.294524311274043	0.927689596811419	-1	0.2917387664357884
9.227374	1	0.28532042654672907	0.927689596811419	-1	0.2917387664357884
9.3517871	1	0.28532042654672907	0.9314599067502837	-1	0.2703807523564889
9.3517871	1	0.2761165418194156	0.9314599067502837	-1	0.2703807523564889
9.4754228	1	0.2761165418194156	0.9352995457983762	-1	0.24885331528904306
9.4754228	1	0.2699806186678728	0.9352995457983762	-1	0.24885331528904306
9.5998603	1	0.2699806186678728	0.9379044522331474	-1	0.23440756669510734
9.5998603	1	0.25924275315267353	0.9379044522331474	-1	0.23440756669510734
9.724086	1	0.25924275315267353	0.9425665544250068	-1	0.20894631818228585
9.724086	1	0.2500388684253596	0.9425665544250068	-1	0.20894631818228585
9.8488412	1	0.2500388684253596	0.9466885648395291	-1	0.1869388493150881
9.8488412	1	0.24543692606170264	0.9466885648395291	-1	0.1869388493150881
9.974147	1	0.24543692606170264	0.9488016532377127	-1	0.17587158126093397
9.974147	1	0.23930100291015988	0.9488016532377127	-1	0.17587158126093397
10.0973858	1	0.23930100291015988	0.9516821480192071	-1	0.1610493371377819
10.0973858	1	0.2346990605465029	0.9516821480192071	-1	0.1610493371377819
10.2213727	1	0.2346990605465029	0.9538962014972162	-1	0.14988323900720849
10.2213727	1	0.2270291566070748	0.9538962014972162	-1	0.14988323900720849
10.3456535	1	0.2270291566070748	0.9577067046449205	-1	0.13117895157394904
10.3456535	1	0.22089323345553247	0.9577067046449205	-1	0.13117895157394904
10.4703294	1	0.22089323345553247	0.9608845489100888	-1	0.11613081013326823
10.4703294	1	0.2147573103039897	0.9608845489100888	-1	0.11613081013326823
10.5953118	1	0.2147573103039897	0.9642044232540045	-1	0.10100736958674307
10.5953118	1	0.20862138715244738	0.9642044232540045	-1	0.10100736958674307
10.7192878	1	0.20862138715244738	0.9677013419301814	-1	0.08580862993437574
10.7192878	1	0.20862138715244738	0.9677013419301814	-1	0.08580862993437574
10.844034	1	0.20862138715244738	0.9677013419301814	-1	0.08580862993437574
10.844034	1	0.20401944478879042	0.9677013419301814	-1	0.08580862993437574
10.9694598	1	0.20401944478879042	0.9704700077610018	-1	0.07436016015689004
10.9694598	1	0.2009514832130188	0.9704700077610018	-1	0.07436016015689004
11.0944046	1	0.2009514832130188	0.9724016176596455	-1	0.06670431600132282
11.0944046	1	0.19788352163724765	0.9724016176596455	-1	0.06670431600132282
11.2188141	1	0.19788352163724765	0.9744160192248279	-1	0.05902964706929588
11.2188141	1	0.1963495408493623	0.9744160192248279	-1	0.05902964706929588
11.3433166	1	0.1963495408493623	0.9754592301983637	-1	0.05518525331211016
11.3433166	1	0.1932815792735907	0.9754592301983637	-1	0.05518525331211016
11.4679539	1	0.1932815792735907	0.9776307042035892	-1	0.04748234721539088
11.4679539	1	0.19021361769781953	0.9776307042035892	-1	0.04748234721539088
11.5924794	1	0.19021361769781953	0.9799392990353437	-1	0.0397606163422119
11.5924794	1	0.18714565612204836	0.9799392990353437	-1	0.0397606163422119
11.7172512	1	0.18714565612204836	0.9824259709702483	-1	0.03202006069257211
11.7172512	1	0.18407769454627676	0.9824259709702483	-1	0.03202006069257211
11.8422468	1	0.18407769454627676	0.985157529119822	-1	0.024260680266470366
11.8422468	1	0.17794177139473444	0.985157529119822	-1	0.024260680266470366
11.9654463	1	0.17794177139473444	0.9920248281536718	-1	0.008685445084886684
11.9654463	1	0.17794177139473444	0.9920248281536718	-1	0.008685445084886684
12.0888119	1	0.17794177139473444	3.9541670030155655E-17	-0.007975171846328233	0.008685445084886684
12.0888119	1	0.17794177139473444	3.9541670030155655E-17	-0.007975171846328233	0.008685445084886684
12.2128047	1	0.17794177139473444	0.9920248281536718	-1	0.008685445084886684
12.2128047	1	0.17794177139473444	0.9920248281536718	-1	0.008685445084886684
12.3352049	1	0.17794177139473444	0.9920248281536718	-1	0.008685445084886684
12.3352049	1	0.17794177139473444	0.9920248281536718	-1	0.008685445084886684
12.4584218	1	0.17794177139473444	0.9920248281536718	-1	0.008685445084886684
12.4584218	1	0.17794177139473444	0.9920248281536718	-1	0.008685445084886684
12.581734	1	0.17794177139473444	0.9920248281536718	-1	0.008685445084886684
12.581734	1	0.17794177139473444	0.9920248281536718	-1	0.008685445084886684
12.7070397	1	0.17794177139473444	0.9920248281536718	-1	0.008685445084886684
12.7070397	1	0.17794177139473444	0.9920248281536718	-1	0.008685445084886684
12.8303114	1	0.17794177139473444	0.9920248281536718	-1	0.008685445084886684
12.8303114	1	0.17794177139473444	0.9920248281536718	-1	0.008685445084886684
12.9553511	1	0.17794177139473444	0.9920248281536718	-1	0.008685445084886684
12.9553511	1	0.17794177139473444	0.9920248281536718	-1	0.008685445084886684
13.0807633	1	0.17794177139473444	0.9920248281536718	-1	0.008685445084886684
13.0807633	1	0.17794177139473444	0.9920248281536718	-1	0.008685445084886684
13.2040096	1	0.17794177139473444	0.9920248281536718	-1	0.008685445084886684
13.2040096	1	0.17794177139473444	0.9920248281536718	-1	0.008685445084886684
13.3279311	1	0.17794177139473444	0.9920248281536718	-1	0.008685445084886684
13.3279311	1	0.17794177139473444	0.9920248281536718	-1	0.008685445084886684
13.4517305	1	0.17794177139473444	0.9920248281536718	-1	0.008685445084886684
13.4517305	1	0.17794177139473444	0.9920248281536718	-1	0.008685445084886684
13.5765828	1	0.17794177139473444	0.9920248281536718	-1	0.008685445084886684
13.5765828	1	0.17794177139473444	0.9920248281536718	-1	0.008685445084886684
13.7015338	1	0.17794177139473444	0.9920248281536718	-1	0.008685445084886684
13.7015338	1	0.17794177139473444	0.9920248281536718	-1	0.008685445084886684
13.8261441	1	0.17794177139473444	0.9920248281536718	-1	0.008685445084886684
13.8261441	1	0.17794177139473444	0.9920248281536718	-1	0.008685445084886684
13.950029	1	0.17794177139473444	0.9920248281536718	-1	0.008685445084886684
13.950029	1	0.17794177139473444	0.9920248281536718	-1	0.008685445084886684
14.0739798	1	0.17794177139473444	0.9920248281536718	-1	0.008685445084886684
14.0739798	1	0.17794177139473444	0.9920248281536718	-1	0.008685445084886684
14.1990746	1	0.17794177139473444	0.9920248281536718	-1	0.008685445084886684
14.1990746	1	0.17794177139473444	0.9920248281536718	-1	0.008685445084886684
14.3226339	1	0.17794177139473444	0.9920248281536718	-1	0.008685445084886684
14.3226339	1	0.17794177139473444	0.9920248281536718	-1	0.008685445084886684
14.4456755	1	0.17794177139473444	0.9920248281536718	-1	0.008685445084886684
14.4456755	1	0.17794177139473444	0.9920248281536718	-1	0.008685445084886684
14.5708633	1	0.17794177139473444	0.9920248281536718	-1	0.008685445084886684
14.5708633	1	0.17794177139473444	0.9920248281536718	-1	0.008685445084886684
14.6938907	1	0.17794177139473444	3.9541670030155655E-17	-0.007975171846328233	0.008685445084886684
14.6938907	1	0.17794177139473444	3.9541670030155655E-17	-0.007975171846328233	0.008685445084886684
14.8181942	1	0.17794177139473444	0.9920248281536718	-1	0.008685445084886684
14.8181942	1	0.17794177139473444	0.9920248281536718	-1	0.008685445084886684
14.9412982	1	0.17794177139473444	0.9920248281536718	-1	0.008685445084886684
14.9412982	1	0.17794177139473444	0.9920248281536718	-1	0.008685445084886684
15.0660287	1	0.17794177139473444	0.9920248281536718	-1	0.008685445084886684
15.0660287	1	0.17794177139473444	0.9920248281536718	-1	0.008685445084886684
15.1894454	1	0.17794177139473444	0.9920248281536718	-1	0.008685445084886684
15.1894454	1	0.17794177139473444	0.9920248281536718	-1	0.008685445084886684
15.3129887	1	0.17794177139473444	0.9920248281536718	-1	0.008685445084886684
15.3129887	1	0.17794177139473444	0.9920248281536718	-1	0.008685445084886684
15.4364355	1	0.17794177139473444	0.9920248281536718	-1	0.008685445084886684
15.4364355	1	0.17794177139473444	0.9920248281536718	-1	0.008685445084886684
15.5606397	1	0.17794177139473444	0.9920248281536718	-1	0.008685445084886684
15.5606397	1	0.17794177139473444	0.9920248281536718	-1	0.008685445084886684
15.6840406	1	0.17794177139473444	0	0	0.008685445084886684
15.6840406	1	0.17794177139473444	0	0	0.008685445084886684
15.8078634	1	0.17794177139473444	0	1	0.008685445084886684
15.8078634	1	0.1825437137583914	0	1	0.008685445084886684
15.9303322	1	0.1825437137583914	0	1	0.020373930762247815
15.9303322	1	0.27765052260730094	0	1	0.020373930762247815
16.0541131	1	0.27765052260730094	0	1	0.25245298695223817
16.0541131	1	0.41264083194123735	0	1	0.25245298695223817
16.1766158	1	0.41264083194123735	0	1	0.5507946371583271
16.1766158	1	0.5276893910326605	0	1	0.5507946371583271
16.3001086	1	0.5276893910326605	0	1	0.7762964775093292
16.3001086	1	0.6519418348513977	0	1	0.7762964775093292
16.4225883	1	0.6519418348513977	0	1	0.9901047306685494
16.4225883	1	0.7761942786701344	0	1	0.9901047306685494
16.5478318	1	0.7761942786701344	0	1	1.1730356442379124
16.5478318	1	0.900446722488871	0	1	1.1730356442379124
16.6721019	1	0.900446722488871	0	1	1.3250892182174185
16.6721019	1	1.0246991663076086	0	1	1.3250892182174185
16.8116456	1	1.0246991663076086	0	1	1.4462654526070688
16.8116456	1	1.1658253987930873	0	1	1.4462654526070688
16.9351387	1	1.1658253987930873	0	1	1.546445826058614
16.9351387	1	1.2946797849754814	0	1	1.546445826058614
17.0604246	1	1.2946797849754814	0	1	1.6031266757886944
17.0604246	1	1.4220001903699897	0	1	1.6031266757886944
17.1837176	1	1.4220001903699897	0	1	1.6265164751827534
17.1837176	1	1.5462526341887264	0	1	1.6265164751827534
17.3056588	1	1.5462526341887264	0	1	1.618084123639671
17.3056588	1	1.6751070203711205	0	1	1.618084123639671
17.4314626	1	1.6751070203711205	0	1	1.576725537561811
17.4314626	1	1.8054953873413995	0	1	1.576725537561811
17.5542555	1	1.8054953873413995	-0.3715333847419702	1	1.5010723481315202
17.5542555	1	1.9297478311601362	-0.3715333847419702	1	1.5010723481315202
17.6775688	1	1.9297478311601362	-0.5539516615906909	1	1.397339565755547
17.6775688	1	2.0110488129180757	-0.5539516615906909	1	1.397339565755547
17.8003728	1	2.0110488129180757	-0.6326352058686748	1	1.3127533338360775
17.8003728	1	2.0662721212819584	-0.6326352058686748	1	1.3127533338360775
17.923322	1	2.0662721212819584	-0.6756000438970525	1	1.2477592118238812
17.923322	1	2.112291544918528	-0.6756000438970525	1	1.2477592118238812
18.0479416	1	2.112291544918528	-0.70676776290775	1	1.1889383113063308
18.0479416	1	2.155243006979326	-0.70676776290775	1	1.1889383113063308
18.171805	1	2.155243006979326	-0.7328741128429814	1	1.1302173745350714
18.171805	1	2.1935925266764666	-0.7328741128429814	1	1.1302173745350714
18.2968873	1	2.1935925266764666	-0.754200214560649	1	1.0746701131022676
18.2968873	1	2.2273401040099507	-0.754200214560649	1	1.0746701131022676
18.4219293	1	2.2273401040099507	-0.771676131901899	1	1.023355420683839
18.4219293	1	2.259553700555549	-0.771676131901899	1	1.023355420683839
18.5457957	1	2.259553700555549	-0.7874002025226021	1	0.9722483676414151
18.5457957	1	2.2917672971011482	-0.7874002025226021	1	0.9722483676414151
18.6699438	1	2.2917672971011482	-0.8023239166793996	1	0.9190658829941847
18.6699438	1	2.317844970495204	-0.8023239166793996	1	0.9190658829941847
18.7935406	1	2.317844970495204	-0.011575849035464986	0.19767608332060038	0.874493294723407
18.7935406	1	2.3423886631013744	-0.011575849035464986	0.19767608332060038	0.874493294723407
18.9181308	1	2.3423886631013744	-0.8244369198635509	1	0.8313001881633201
18.9181308	1	2.3684663364954304	-0.8244369198635509	1	0.8313001881633201
19.0420389	1	2.3684663364954304	-0.8353031562110143	1	0.7840874249939127
19.0420389	1	2.389942067525829	-0.8353031562110143	1	0.7840874249939127
19.1664538	1	2.389942067525829	-0.8440321023758927	1	0.7441850817902257
19.1664538	1	2.4114177985562275	-0.8440321023758927	1	0.7441850817902257
19.2912175	1	2.4114177985562275	-0.8525922599065154	1	0.7033603245399587
19.2912175	1	2.4359614911623986	-0.8525922599065154	1	0.7033603245399587
19.4152609	1	2.4359614911623986	-0.8622039996697077	1	0.6555739725234304
19.4152609	1	2.4543692606170255	-0.8622039996697077	1	0.6555739725234304
19.54026	1	2.4543692606170255	-0.8693169697899247	1	0.6189435678996826
19.54026	1	2.474311010859539	-0.8693169697899247	1	0.6189435678996826
19.6635194	1	2.474311010859539	-0.8769536714503672	1	0.5784958730135662
19.6635194	1	2.4896508187383954	-0.8769536714503672	1	0.5784958730135662
19.7853362	1	2.4896508187383954	-0.8827944188914028	1	0.5468410492394596
19.7853362	1	2.5049906266172517	-0.8827944188914028	1	0.5468410492394596
19.9097314	1	2.5049906266172517	-0.888619349684326	1	0.5147156060538327
19.9097314	1	2.520330434496109	-0.888619349684326	1	0.5147156060538327
20.0330578	1	2.520330434496109	-0.8944418498725342	1	0.48211954345668345
20.0330578	1	2.535670242374965	-0.8944418498725342	1	0.48211954345668345
20.1560201	1	2.535670242374965	-0.9002767928478603	1	0.4490528614480156
20.1560201	1	2.546408107890164	-0.9002767928478603	1	0.4490528614480156
20.2812848	1	2.546408107890164	-0.9043775905410243	1	0.42562616549209464
20.2812848	1	2.5586799541932495	-0.9043775905410243	1	0.42562616549209464
20.4052132	1	2.5586799541932495	-0.9090901529764677	1	0.398570427038413
20.4052132	1	2.570951800496335	-0.9090901529764677	1	0.398570427038413
20.4052132	1	2.570951800496335	-0.9090901529764677	1	0.398570427038413
20.5446977	1	2.570951800496335	-0.913841017927919	1	0.3712134921613583
20.5446977	1	2.5862916083751912	-0.913841017927919	1	0.3712134921613583
20.6691069	1	2.5862916083751912	-0.9198532210623371	1	0.336593766094673
20.6691069	1	2.598563454678276	-0.9198532210623371	1	0.336593766094673
20.7934254	1	2.598563454678276	-0.9247408179989414	1	0.30855913926503087
20.7934254	1	2.60776733940559	-0.9247408179989414	1	0.30855913926503087
20.9185443	1	2.60776733940559	-0.9284642489866433	1	0.28733550898995963
20.9185443	1	2.6169712241329037	-0.9284642489866433	1	0.28733550898995963
21.0430865	1	2.6169712241329037	-0.9322479034640151	1	0.2659424557267411
21.0430865	1	2.6277090896481035	-0.9322479034640151	1	0.2659424557267411
21.1668268	1	2.6277090896481035	-0.9367540440707427	1	0.24076976175407722
21.1668268	1	2.6369129743754174	-0.9367540440707427	1	0.24076976175407722
21.2919638	1	2.6369129743754174	-0.9407118210170458	1	0.21900962534987267
21.2919638	1	2.6445828783148455	-0.9407118210170458	1	0.21900962534987267
21.416425	1	2.6445828783148455	-0.9440910353878811	1	0.20074675800820113
21.416425	1	2.650718801466388	-0.9440910353878811	1	0.20074675800820113
21.540355	1	2.650718801466388	-0.9468568615471402	1	0.18605175264079063
21.540355	1	2.65685472461793	-0.9468568615471402	1	0.18605175264079063
21.6639044	1	2.65685472461793	-0.9496871296668051	1	0.17128144816753688
21.6639044	1	2.6629906477694734	-0.9496871296668051	1	0.17128144816753688
21.7880049	1	2.6629906477694734	-0.952591976371779	1	0.15643584458843768
21.7880049	1	2.6706605517089015	-0.952591976371779	1	0.15643584458843768
21.9118349	1	2.6706605517089015	-0.9563473543601375	1	0.13777295074697374
21.9118349	1	2.6783304556483296	-0.9563473543601375	1	0.13777295074697374
22.0371717	1	2.6783304556483296	-0.9602714246903642	1	0.1189924020526297
22.0371717	1	2.6860003595877577	-0.9602714246903642	1	0.1189924020526297
22.1615158	1	2.6860003595877577	-0.964409589825691	1	0.10009419850540555
22.1615158	1	2.693670263527186	-0.964409589825691	1	0.10009419850540555
22.2840629	1	2.693670263527186	-0.9688295203755264	1	0.08107834010530128
22.2840629	1	2.699806186678728	-0.9688295203755264	1	0.08107834010530128
22.4091442	1	2.699806186678728	-0.9726395727061257	1	0.06578094189114463
22.4091442	1	2.7044081290423856	-0.9726395727061257	1	0.06578094189114463
22.5333945	1	2.7044081290423856	-0.9757145054886066	1	0.05425847819231583
22.5333945	1	2.7166799753454702	-0.9757145054886066	1	0.05425847819231583
22.6569629	1	2.7166799753454702	-0.9855079826071224	1	0.023324835787707818
22.6569629	1	2.725883860072784	-0.9855079826071224	1	0.023324835787707818
22.7815505	1	2.725883860072784	-1.0004523630317639	1	-7.305616858789697E-05
22.7815505	1	2.725883860072784	-1.0004523630317639	1	-7.305616858789697E-05
22.9052113	1	2.725883860072784	-1.0004523630317639	1	-7.305616858789697E-05
22.9052113	1	2.725883860072784	-1.0004523630317639	1	-7.305616858789697E-05
23.0301234	1	2.725883860072784	-1.0004523630317639	1	-7.305616858789697E-05
23.0301234	1	2.725883860072784	-1.0004523630317639	1	-7.305616858789697E-05
23.153252	1	2.725883860072784	-1.0004523630317639	1	-7.305616858789697E-05
23.153252	1	2.725883860072784	-1.0004523630317639	1	-7.305616858789697E-05
23.2756194	1	2.725883860072784	-1.0004523630317639	1	-7.305616858789697E-05
23.2756194	1	2.725883860072784	-1.0004523630317639	1	-7.305616858789697E-05
23.4019666	1	2.725883860072784	-1.0004523630317639	1	-7.305616858789697E-05
23.4019666	1	2.725883860072784	-1.0004523630317639	1	-7.305616858789697E-05
23.5269405	1	2.725883860072784	-1.0004523630317639	1	-7.305616858789697E-05
23.5269405	1	2.725883860072784	-1.0004523630317639	1	-7.305616858789697E-05
23.6517163	1	2.725883860072784	-1.0004523630317639	1	-7.305616858789697E-05
23.6517163	1	2.725883860072784	-1.0004523630317639	1	-7.305616858789697E-05
23.7756955	1	2.725883860072784	-1.0004523630317639	1	-7.305616858789697E-05
23.7756955	1	2.725883860072784	-1.0004523630317639	1	-7.305616858789697E-05
23.8982536	1	2.725883860072784	-1.0004523630317639	1	-7.305616858789697E-05
23.8982536	1	2.725883860072784	-1.0004523630317639	1	-7.305616858789697E-05
24.0390087	1	2.725883860072784	-1.0004523630317639	1	-7.305616858789697E-05
24.0390087	1	2.725883860072784	-1.0004523630317639	1	-7.305616858789697E-05
24.1632228	1	2.725883860072784	-1.0004523630317639	1	-7.305616858789697E-05
24.1632228	1	2.725883860072784	-1.0004523630317639	1	-7.305616858789697E-05
24.2872309	1	2.725883860072784	-1.0004523630317639	1	-7.305616858789697E-05
24.2872309	1	2.725883860072784	-1.0004523630317639	1	-7.305616858789697E-05
24.4130385	1	2.725883860072784	-1.0004523630317639	1	-7.305616858789697E-05
24.4130385	1	2.725883860072784	-1.0004523630317639	1	-7.305616858789697E-05
24.5380241	1	2.725883860072784	-1.0004523630317639	1	-7.305616858789697E-05
24.5380241	1	2.725883860072784	-1.0004523630317639	1	-7.305616858789697E-05
24.661556	1	2.725883860072784	-1.0004523630317639	1	-7.305616858789697E-05
24.661556	1	2.725883860072784	-1.0004523630317639	1	-7.305616858789697E-05
24.7850278	1	2.725883860072784	-1.0004523630317639	1	-7.305616858789697E-05
24.7850278	1	2.725883860072784	-1.0004523630317639	1	-7.305616858789697E-05
24.908957	1	2.725883860072784	-1.0004523630317639	1	-7.305616858789697E-05
24.908957	1	2.725883860072784	-1.0004523630317639	1	-7.305616858789697E-05
25.0356065	1	2.725883860072784	-1.0004523630317639	1	-7.305616858789697E-05
25.0356065	1	2.725883860072784	-1.0004523630317639	1	-7.305616858789697E-05
25.159731	1	2.725883860072784	-1.0004523630317639	1	-7.305616858789697E-05
25.159731	1	2.725883860072784	-1.0004523630317639	1	-7.305616858789697E-05
25.2838835	1	2.725883860072784	-1.0004523630317639	1	-7.305616858789697E-05
25.2838835	1	2.725883860072784	-1.0004523630317639	1	-7.305616858789697E-05
25.4080517	1	2.725883860072784	-1.0004523630317639	1	-7.305616858789697E-05
25.4080517	1	2.725883860072784	-1.0004523630317639	1	-7.305616858789697E-05
25.5311742	1	2.725883860072784	-1.0004523630317639	1	-7.305616858789697E-05
25.5311742	1	2.725883860072784	-1.0004523630317639	1	-7.305616858789697E-05
25.6563362	1	2.725883860072784	-1.0004523630317639	1	-7.305616858789697E-05
25.6563362	1	2.725883860072784	-1.0004523630317639	1	-7.305616858789697E-05
25.7788934	1	2.725883860072784	-1.0004523630317639	1	-7.305616858789697E-05
25.7788934	1	2.725883860072784	-1.0004523630317639	1	-7.305616858789697E-05
25.9023675	1	2.725883860072784	-1.0004523630317639	1	-7.305616858789697E-05
25.9023675	1	2.725883860072784	-1.0004523630317639	1	-7.305616858789697E-05
26.0260148	1	2.725883860072784	-1.0004523630317639	1	-7.305616858789697E-05
26.0260148	1	2.725883860072784	-1.0004523630317639	1	-7.305616858789697E-05
26.1506001	1	2.725883860072784	-1.0004523630317639	1	-7.305616858789697E-05
26.1506001	1	2.725883860072784	-1.0004523630317639	1	-7.305616858789697E-05
26.2743857	1	2.725883860072784	-1.0004523630317639	1	-7.305616858789697E-05
26.2743857	1	2.725883860072784	-1.0004523630317639	1	-7.305616858789697E-05
26.3972838	1	2.725883860072784	-1.0004523630317639	1	-7.305616858789697E-05
26.3972838	1	2.725883860072784	-1.0004523630317639	1	-7.305616858789697E-05
26.519522	1	2.725883860072784	-1.0004523630317639	1	-7.305616858789697E-05
26.519522	1	2.725883860072784	-1.0004523630317639	1	-7.305616858789697E-05
26.6431541	1	2.725883860072784	-1.0004523630317639	1	-7.305616858789697E-05
26.6431541	1	2.7243498792848984	-1.0004523630317639	1	-7.305616858789697E-05
26.7684769	1	2.7243498792848984	-0.9951213147834068	1	0.0038383579760831107
26.7684769	1	2.7243498792848984	-0.9951213147834068	1	0.0038383579760831107
26.892922	1	2.7243498792848984	-0.9951213147834068	1	0.0038383579760831107
26.892922	1	2.725883860072784	-0.9951213147834068	1	0.0038383579760831107
27.01666	1	2.725883860072784	-1.0004523630317639	1	-7.305616858789697E-05
27.01666	1	2.725883860072784	-1.0004523630317639	1	-7.305616858789697E-05
27.1405606	1	2.725883860072784	-1.0004523630317639	1	-7.305616858789697E-05
27.1405606	1	2.725883860072784	-1.0004523630317639	1	-7.305616858789697E-05
27.2635282	1	2.725883860072784	-1.0004523630317639	1	-7.305616858789697E-05
27.2635282	1	2.725883860072784	-1.0004523630317639	1	-7.305616858789697E-05
27.3865469	1	2.725883860072784	-1.0004523630317639	1	-7.305616858789697E-05
27.3865469	1	2.725883860072784	-1.0004523630317639	1	-7.305616858789697E-05
27.512876	1	2.725883860072784	-1.0004523630317639	1	-7.305616858789697E-05
27.512876	1	2.7243498792848984	-1.0004523630317639	1	-7.305616858789697E-05
27.636685	1	2.7243498792848984	-0.9951213147834068	1	0.0038383579760831107
27.636685	1	2.725883860072784	-0.9951213147834068	1	0.0038383579760831107
27.7605835	1	2.725883860072784	-1.0004523630317639	1	-7.305616858789697E-05
27.7605835	1	2.725883860072784	-1.0004523630317639	1	-7.305616858789697E-05
27.8838465	1	2.725883860072784	-1.0004523630317639	1	-7.305616858789697E-05
27.8838465	1	2.7243498792848984	-1.0004523630317639	1	-7.305616858789697E-05
28.0091522	1	2.7243498792848984	-0.9951213147834068	1	0.0038383579760831107
28.0091522	1	2.725883860072784	-0.9951213147834068	1	0.0038383579760831107
28.1324463	1	2.725883860072784	-1.0004523630317639	1	-7.305616858789697E-05
28.1324463	1	2.725883860072784	-1.0004523630317639	1	-7.305616858789697E-05
28.2550622	1	2.725883860072784	-1.0004523630317639	1	-7.305616858789697E-05
28.2550622	1	2.725883860072784	-1.0004523630317639	1	-7.305616858789697E-05
28.3964144	1	2.725883860072784	-1.0004523630317639	1	-7.305616858789697E-05
28.3964144	1	2.725883860072784	-1.0004523630317639	1	-7.305616858789697E-05
28.5193382	1	2.725883860072784	-1.0004523630317639	1	-7.305616858789697E-05
28.5193382	1	2.725883860072784	-1.0004523630317639	1	-7.305616858789697E-05
28.643173	1	2.725883860072784	-1.0004523630317639	1	-7.305616858789697E-05
28.643173	1	2.725883860072784	-1.0004523630317639	1	-7.305616858789697E-05
28.7673553	1	2.725883860072784	-1.0004523630317639	1	-7.305616858789697E-05
28.7673553	1	2.725883860072784	-1.0004523630317639	1	-7.305616858789697E-05
28.8895543	1	2.725883860072784	-1.0004523630317639	1	-7.305616858789697E-05
28.8895543	1	2.725883860072784	-1.0004523630317639	1	-7.305616858789697E-05
29.0134532	1	2.725883860072784	-1.0004523630317639	1	-7.305616858789697E-05
29.0134532	1	2.725883860072784	-1.0004523630317639	1	-7.305616858789697E-05
29.1374967	1	2.725883860072784	-1.0004523630317639	1	-7.305616858789697E-05
29.1374967	1	2.725883860072784	-1.0004523630317639	1	-7.305616858789697E-05
29.2610133	1	2.725883860072784	-1.0004523630317639	1	-7.305616858789697E-05
29.2610133	1	2.725883860072784	-1.0004523630317639	1	-7.305616858789697E-05
29.384017	1	2.725883860072784	-1.0004523630317639	1	-7.305616858789697E-05
29.384017	1	2.725883860072784	-1.0004523630317639	1	-7.305616858789697E-05
29.5069878	1	2.725883860072784	-1.0004523630317639	1	-7.305616858789697E-05
29.5069878	1	2.725883860072784	-1.0004523630317639	1	-7.305616858789697E-05
29.6304326	1	2.725883860072784	-1.0004523630317639	1	-7.305616858789697E-05
29.6304326	1	2.725883860072784	-1.0004523630317639	1	-7.305616858789697E-05
29.7559217	1	2.725883860072784	-0.00045236303176392505	0	-7.305616858789697E-05
29.7559217	1	2.725883860072784	-0.00045236303176392505	0	-7.305616858789697E-05
29.8810721	1	2.725883860072784	-0.00045236303176392505	0	-7.305616858789697E-05
29.8810721	1	2.725883860072784	-0.00045236303176392505	0	-7.305616858789697E-05
30.0049305	1	2.725883860072784	-0.00045236303176392505	0	-7.305616858789697E-05
30.0049305	1	2.725883860072784	-0.00045236303176392505	0	-7.305616858789697E-05
30.1303779	1	2.725883860072784	-0.00045236303176392505	0	-7.305616858789697E-05
30.1303779	1	2.725883860072784	-0.00045236303176392505	0	-7.305616858789697E-05
30.2559451	1	2.725883860072784	-0.00045236303176392505	0	-7.305616858789697E-05
30.2559451	1	2.725883860072784	-0.00045236303176392505	0	-7.305616858789697E-05
30.3793871	1	2.725883860072784	-0.00045236303176392505	0	-7.305616858789697E-05
30.3793871	1	2.725883860072784	-0.00045236303176392505	0	-7.305616858789697E-05
30.5050673	1	2.725883860072784	-0.00045236303176392505	0	-7.305616858789697E-05
30.5050673	1	2.725883860072784	-0.00045236303176392505	0	-7.305616858789697E-05
30.6270145	1	2.725883860072784	-0.00045236303176392505	0	-7.305616858789697E-05
30.6270145	1	2.725883860072784	-0.00045236303176392505	0	-7.305616858789697E-05
30.7509475	1	2.725883860072784	-0.00045236303176392505	0	-7.305616858789697E-05
30.7509475	1	2.725883860072784	-0.00045236303176392505	0	-7.305616858789697E-05
30.8756718	1	2.725883860072784	-0.00045236303176392505	0	-7.305616858789697E-05
30.8756718	1	2.725883860072784	-0.00045236303176392505	0	-7.305616858789697E-05
31.000406	1	2.725883860072784	-0.00045236303176392505	0	-7.305616858789697E-05
31.000406	1	2.725883860072784	-0.00045236303176392505	0	-7.305616858789697E-05
31.1239258	1	2.725883860072784	-0.00045236303176392505	0	-7.305616858789697E-05
31.1239258	1	2.725883860072784	-0.00045236303176392505	0	-7.305616858789697E-05
31.2469834	1	2.725883860072784	-0.00045236303176392505	0	-7.305616858789697E-05
31.2469834	1	2.725883860072784	-0.00045236303176392505	0	-7.305616858789697E-05
31.3711355	1	2.725883860072784	-0.00045236303176392505	0	-7.305616858789697E-05
31.3711355	1	2.725883860072784	-0.00045236303176392505	0	-7.305616858789697E-05
31.4945489	1	2.725883860072784	-0.00045236303176392505	0	-7.305616858789697E-05
31.4945489	1	2.725883860072784	-0.00045236303176392505	0	-7.305616858789697E-05
31.6194471	1	2.725883860072784	-0.00045236303176392505	0	-7.305616858789697E-05
31.6194471	1	2.725883860072784	-0.00045236303176392505	0	-7.305616858789697E-05
31.7432467	1	2.725883860072784	-0.00045236303176392505	0	-7.305616858789697E-05
31.7432467	1	2.725883860072784	-0.00045236303176392505	0	-7.305616858789697E-05
31.8658816	1	2.725883860072784	-0.00045236303176392505	0	-7.305616858789697E-05
31.8658816	1	2.725883860072784	-0.00045236303176392505	0	-7.305616858789697E-05
31.9907023	1	2.725883860072784	-0.00045236303176392505	0	-7.305616858789697E-05
31.9907023	1	2.725883860072784	-0.00045236303176392505	0	-7.305616858789697E-05
32.1141499	1	2.725883860072784	-0.00045236303176392505	0	-7.305616858789697E-05
32.1141499	1	2.725883860072784	-0.00045236303176392505	0	-7.305616858789697E-05
32.2390265	1	2.725883860072784	-0.00045236303176392505	0	-7.305616858789697E-05
32.2390265	1	2.725883860072784	-0.00045236303176392505	0	-7.305616858789697E-05
32.3631169	1	2.725883860072784	-0.00045236303176392505	0	-7.305616858789697E-05
32.3631169	1	2.725883860072784	-0.00045236303176392505	0	-7.305616858789697E-05
32.4863448	1	2.725883860072784	-0.00045236303176392505	0	-7.305616858789697E-05
32.4863448	1	2.725883860072784	-0.00045236303176392505	0	-7.305616858789697E-05
32.6098443	1	2.725883860072784	-0.00045236303176392505	0	-7.305616858789697E-05
32.6098443	1	2.725883860072784	-0.00045236303176392505	0	-7.305616858789697E-05
32.734755	1	2.725883860072784	-0.00045236303176392505	0	-7.305616858789697E-05
32.734755	2	2.725883860072784	-0.00045236303176392505	0	-7.305616858789697E-05
