time	mode	theta	u	uh	h
0	0	0	0	0	0
0	0	2.7320197832243265	0	0	0
0	0	2.7320197832243265	0	0	0
0	0	2.7320197832243265	0	0	0
0	0	2.7320197832243265	0	0	0
0	0	2.7304858024364416	0	0	0
0	0	2.7304858024364416	0	0	0
0	0	2.7289518216485558	0	0	0
0	0	2.7289518216485558	0	0	0
0	0	2.72741784086067	0	0	0
0	0	2.72741784086067	0	0	0
0	0	2.72741784086067	0	0	0
0	0	2.72741784086067	0	0	0
0	0	2.725883860072784	0	0	0
0	0	2.725883860072784	0	0	0
0	0	2.725883860072784	0	0	0
0	0	2.725883860072784	0	0	0
0	0	2.7166799753454702	0	0	0
0	0	2.7166799753454702	0	0	0
0	0	2.615437243345018	0	0	0
0	0	2.615437243345018	0	0	0
0	0	2.59702947389039	0	0	0
0	0	2.59702947389039	0	0	0
0	0	2.606233358617704	0	0	0
0	0	2.606233358617704	0	0	0
0	0	2.60776733940559	0	0	0
0	0	2.60776733940559	0	0	0
0	0	2.60776733940559	0	0	0
0	0	2.60776733940559	0	0	0
0	0	2.60776733940559	0	0	0
0	0	2.60776733940559	0	0	0
0	0	2.6093013201934756	0	0	0
0	0	2.6093013201934756	0	0	0
0	0	2.6093013201934756	0	0	0
0	0	2.6093013201934756	0	0	0
0	0	2.6093013201934756	0	0	0
0	0	2.6093013201934756	0	0	0
0	0	2.6093013201934756	0	0	0
0	0	2.6093013201934756	0	0	0
0	0	2.6108353009813614	0	0	0
0	0	2.6108353009813614	0	0	0
0	0	2.6108353009813614	0	0	0
0	0	2.6108353009813614	0	0	0
0	0	2.6108353009813614	0	0	0
0	0	2.6108353009813614	0	0	0
0	0	2.6108353009813614	0	0	0
0	0	2.6108353009813614	0	0	0
0	0	2.6093013201934756	0	0	0
0	0	2.6093013201934756	0	0	0
0	0	2.6108353009813614	0	0	0
0	0	2.6108353009813614	0	0	0
0	0	2.6108353009813614	0	0	0
0	0	2.6108353009813614	0	0	0
0	0	2.6108353009813614	0	0	0
0	0	2.6108353009813614	0	0	0
0	0	2.6108353009813614	0	0	0
0	0	2.6108353009813614	0	0	0
0	0	2.6108353009813614	0	0	0
0	0	2.6108353009813614	0	0	0
0	0	2.6108353009813614	0	0	0
0	0	2.6108353009813614	0	0	0
0	0	2.6108353009813614	0	0	0
0	0	2.6108353009813614	0	0	0
0	0	2.6108353009813614	0	0	0
0	0	2.6108353009813614	0	0	0
0	0	2.6108353009813614	0	0	0
0	0	2.6108353009813614	0	0	0
0	0	2.6108353009813614	0	0	0
0	0	2.6108353009813614	0	0	0
0	0	2.6093013201934756	0	0	0
0	0	2.6093013201934756	0	0	0
0	0	2.6093013201934756	0	0	0
0	0	2.6093013201934756	0	0	0
0	0	2.6108353009813614	0	0	0
0	0	2.6108353009813614	0	0	0
0	0	2.6108353009813614	0	0	0
0	0	2.6108353009813614	0	0	0
0	0	2.6108353009813614	0	0	0
0	0	2.6108353009813614	0	0	0
0	0	2.6108353009813614	0	0	0
0	0	2.6108353009813614	0	0	0
0	0	2.6108353009813614	0	0	0
0	1	2.6108353009813614	0	0	0
0	1	2.6108353009813614	0	0	0
0	1	2.6108353009813614	0	0	0.28022331601201356
0	1	2.6108353009813614	0	0	0.28022331601201356
0	1	2.6108353009813614	0	0	0.28022331601201356
0	1	2.6108353009813614	0	0	0.28022331601201356
0	1	2.6108353009813614	0	0	0.28022331601201356
0	1	2.6108353009813614	0	0	0.28022331601201356
0	1	2.6108353009813614	0	0	0.28022331601201356
0	1	2.6108353009813614	0	0	0.28022331601201356
0	1	2.6108353009813614	0	0	0.28022331601201356
0	1	2.6108353009813614	0	0	0.28022331601201356
0	1	2.6108353009813614	0	0	0.28022331601201356
0	1	2.6108353009813614	0	0	0.28022331601201356
0	1	2.6108353009813614	0	0	0.28022331601201356
0	1	2.6108353009813614	0	0	0.28022331601201356
0	1	2.6108353009813614	0	0	0.28022331601201356
0	1	2.6108353009813614	0	0	0.28022331601201356
0	1	2.6108353009813614	0	0	0.28022331601201356
0	1	2.6093013201934756	0	0	0.28022331601201356
0	1	2.6093013201934756	0	0	0.2837817655980442
0	1	2.6108353009813614	0	0	0.2837817655980442
0	1	2.6108353009813614	0	0	0.28022331601201356
0	1	2.6108353009813614	0	0	0.28022331601201356
0	1	2.6108353009813614	0	0	0.28022331601201356
0	1	2.6108353009813614	0	0	0.28022331601201356
0	1	2.6108353009813614	0	0	0.28022331601201356
0	1	2.6108353009813614	0	0	0.28022331601201356
0	1	2.6108353009813614	0	0	0.28022331601201356
0	1	2.6108353009813614	0	0	0.28022331601201356
0	1	2.6108353009813614	0	0	0.28022331601201356
0	1	2.6108353009813614	0	0	0.28022331601201356
0	1	2.6108353009813614	0	0	0.28022331601201356
0	1	2.6108353009813614	0	0	0.28022331601201356
0	1	2.6108353009813614	0	0	0.28022331601201356
0	1	2.6108353009813614	0	0	0.28022331601201356
0	1	2.6108353009813614	0	0	0.28022331601201356
0	1	2.6108353009813614	0	0	0.28022331601201356
0	1	2.6108353009813614	0	0	0.28022331601201356
0	1	2.6108353009813614	0	0	0.28022331601201356
0	1	2.6108353009813614	0	0	0.28022331601201356
0	1	2.6108353009813614	0	0	0.28022331601201356
0	1	2.6108353009813614	0	0	0.28022331601201356
0	1	2.6108353009813614	0	0	0.28022331601201356
0	1	2.6108353009813614	0	0	0.28022331601201356
0	1	2.6108353009813614	0	0	0.28022331601201356
0	1	2.6108353009813614	0	0	0.28022331601201356
0	1	2.6108353009813614	0	0	0.28022331601201356
0	1	2.6108353009813614	0	0	0.28022331601201356
0	1	2.6108353009813614	0	0	0.28022331601201356
0	1	2.6108353009813614	0	0	0.28022331601201356
0	1	2.6108353009813614	0	0	0.28022331601201356
0	1	2.6108353009813614	0	0	0.28022331601201356
0	1	2.6108353009813614	0	0	0.28022331601201356
0	1	2.6108353009813614	0	0	0.28022331601201356
0	1	2.6108353009813614	0	0	0.28022331601201356
0	1	2.6108353009813614	0	0	0.28022331601201356
0	1	2.6108353009813614	0	0	0.28022331601201356
0	1	2.6108353009813614	0	0	0.28022331601201356
0	1	2.6108353009813614	0	0	0.28022331601201356
0	1	2.6108353009813614	0	0	0.28022331601201356
0	1	2.6108353009813614	0	0	0.28022331601201356
0	1	2.6108353009813614	0	0	0.28022331601201356
0	1	2.6108353009813614	0	0	0.28022331601201356
0	1	2.6108353009813614	0	0	0.28022331601201356
0	1	2.6108353009813614	0	0	0.28022331601201356
0	1	2.6108353009813614	0	0	0.28022331601201356
0	1	2.6108353009813614	0	0	0.28022331601201356
0	1	2.6108353009813614	0	0	0.28022331601201356
0	1	2.6108353009813614	0	0	0.28022331601201356
0	1	2.6108353009813614	0	0	0.28022331601201356
7.3E-06	1	2.6108353009813614	0	0	0.28022331601201356
7.3E-06	1	2.6108353009813614	0	0	0.28022331601201356
0.1230427	1	2.6108353009813614	0	0	0.28022331601201356
0.1230427	1	2.6108353009813614	0	0	0.28022331601201356
0.2481711	1	2.6108353009813614	0	0	0.28022331601201356
0.2481711	1	2.6108353009813614	0	0	0.28022331601201356
0.3721884	1	2.6108353009813614	0	0	0.28022331601201356
0.3721884	1	2.6108353009813614	0	0	0.28022331601201356
0.4962979	1	2.6108353009813614	0	0	0.28022331601201356
0.4962979	1	2.6108353009813614	0	0	0.28022331601201356
0.6204148	1	2.6108353009813614	0	0	0.28022331601201356
0.6204148	1	2.6108353009813614	0	0	0.28022331601201356
0.7454196	1	2.6108353009813614	0	0	0.28022331601201356
0.7454196	1	2.6108353009813614	0	0	0.28022331601201356
0.8679287	1	2.6108353009813614	0	0	0.28022331601201356
0.8679287	1	2.6108353009813614	0	0	0.28022331601201356
0.9906507	1	2.6108353009813614	0	0	0.28022331601201356
0.9906507	1	2.6093013201934756	0	0	0.28022331601201356
1.116258	1	2.6093013201934756	0	0	0.2837817655980442
1.116258	1	2.6108353009813614	0	0	0.2837817655980442
1.2401423	1	2.6108353009813614	0	0	0.28022331601201356
1.2401423	1	2.6108353009813614	0	0	0.28022331601201356
1.3638842	1	2.6108353009813614	0	0	0.28022331601201356
1.3638842	1	2.6108353009813614	0	0	0.28022331601201356
1.4879697	1	2.6108353009813614	0	0	0.28022331601201356
1.4879697	1	2.6108353009813614	0	0	0.28022331601201356
1.6122887	1	2.6108353009813614	0	0	0.28022331601201356
1.6122887	1	2.6108353009813614	0	0	0.28022331601201356
1.7366956	1	2.6108353009813614	0	0	0.28022331601201356
1.7366956	1	2.6108353009813614	0	0	0.28022331601201356
1.8594833	1	2.6108353009813614	0	0	0.28022331601201356
1.8594833	1	2.6108353009813614	0	0	0.28022331601201356
1.9823819	1	2.6108353009813614	0	0	0.28022331601201356
1.9823819	1	2.6108353009813614	0	0	0.28022331601201356
2.1063423	1	2.6108353009813614	0	0	0.28022331601201356
2.1063423	1	2.6108353009813614	0	0	0.28022331601201356
2.2305001	1	2.6108353009813614	0	0	0.28022331601201356
2.2305001	1	2.6093013201934756	0	0	0.28022331601201356
2.3522908	1	2.6093013201934756	0	0	0.2837817655980442
2.3522908	1	2.6108353009813614	0	0	0.2837817655980442
2.4747683	1	2.6108353009813614	0	0	0.28022331601201356
2.4747683	1	2.6108353009813614	0	0	0.28022331601201356
2.5979056	1	2.6108353009813614	0	0	0.28022331601201356
2.5979056	1	2.6108353009813614	0	0	0.28022331601201356
2.7223595	1	2.6108353009813614	0	0	0.28022331601201356
2.7223595	1	2.6108353009813614	0	0	0.28022331601201356
2.8449036	1	2.6108353009813614	0	0	0.28022331601201356
2.8449036	1	2.6108353009813614	0	0	0.28022331601201356
2.9690474	1	2.6108353009813614	0	0	0.28022331601201356
2.9690474	1	2.6108353009813614	0	0	0.28022331601201356
3.0936362	1	2.6108353009813614	0	0	0.28022331601201356
3.0936362	1	2.6108353009813614	0	0	0.28022331601201356
3.2172717	1	2.6108353009813614	0	0	0.28022331601201356
3.2172717	1	2.6108353009813614	0	0	0.28022331601201356
3.3420537	1	2.6108353009813614	0	0	0.28022331601201356
3.3420537	1	2.6108353009813614	0	0	0.28022331601201356
3.466995	1	2.6108353009813614	0	0	0.28022331601201356
3.466995	1	2.6108353009813614	0	0	0.28022331601201356
3.5900341	1	2.6108353009813614	0	0	0.28022331601201356
3.5900341	1	2.6108353009813614	0	0	0.28022331601201356
3.7139253	1	2.6108353009813614	0	0	0.28022331601201356
3.7139253	1	2.6108353009813614	0	0	0.28022331601201356
3.838184	1	2.6108353009813614	0	0	0.28022331601201356
3.838184	1	2.6108353009813614	0	0	0.28022331601201356
3.9622708	1	2.6108353009813614	0	0	0.28022331601201356
4.0849608	1	2.6093013201934756	0	0	0.2837817655980442
4.0849608	1	2.6093013201934756	0	0	0.2837817655980442
4.0849608	1	2.6108353009813614	0	0	0.2837817655980442
4.2098404	1	2.6108353009813614	0	0	0.28022331601201356
4.2098404	1	2.6108353009813614	0	0	0.28022331601201356
4.3353673	1	2.6108353009813614	0	0	0.28022331601201356
4.3353673	1	2.6108353009813614	0	0	0.28022331601201356
4.4590075	1	2.6108353009813614	0	0	0.28022331601201356
4.4590075	1	2.6093013201934756	0	0	0.28022331601201356
4.5986355	1	2.6093013201934756	0	0	0.2837817655980442
4.5986355	1	2.6108353009813614	0	0	0.2837817655980442
4.7209484	1	2.6108353009813614	0	0	0.28022331601201356
4.7209484	1	2.6108353009813614	0	0	0.28022331601201356
4.8447413	1	2.6108353009813614	0	0	0.28022331601201356
4.8447413	1	2.6108353009813614	0	0	0.28022331601201356
4.966922	1	2.6108353009813614	0	0	0.28022331601201356
4.966922	1	2.6108353009813614	0	0	0.28022331601201356
5.0899261	1	2.6108353009813614	0	0	0.28022331601201356
5.0899261	1	2.6108353009813614	0	0	0.28022331601201356
5.2136051	1	2.6108353009813614	0	0	0.28022331601201356
5.2136051	1	2.6108353009813614	0	0	0.28022331601201356
5.3376956	1	2.6108353009813614	0	0	0.28022331601201356
5.3376956	1	2.6108353009813614	0	0	0.28022331601201356
5.4767696	1	2.6108353009813614	0	0	0.28022331601201356
5.4767696	1	2.6108353009813614	0	0	0.28022331601201356
5.6001689	1	2.6108353009813614	0	0	0.28022331601201356
5.6001689	1	2.6108353009813614	0	0	0.28022331601201356
5.7254924	1	2.6108353009813614	0	0	0.28022331601201356
5.7254924	1	2.6108353009813614	0	0	0.28022331601201356
5.8490608	1	2.6108353009813614	0	0	0.28022331601201356
5.8490608	1	2.6108353009813614	0	0	0.28022331601201356
5.9721305	1	2.6108353009813614	0	0	0.28022331601201356
5.9721305	1	2.6093013201934756	0	0	0.28022331601201356
6.0966753	1	2.6093013201934756	0	-1	0.2837817655980442
6.0966753	1	2.6016314162540475	0	-1	0.2837817655980442
6.2203635	1	2.6016314162540475	0	-1	0.30150342061646723
6.2203635	1	2.474311010859539	0	-1	0.30150342061646723
6.3437018	1	2.474311010859539	0	-1	0.5784958730135662
6.3437018	1	2.3270488552225173	0	-1	0.5784958730135662
6.4691733	1	2.3270488552225173	0	-1	0.8584370655868319
6.4691733	1	2.2043303921916664	0	-1	0.8584370655868319
6.591548	1	2.2043303921916664	0	-1	1.058589786160179
6.591548	1	2.077009986797158	0	-1	1.058589786160179
6.7147313	1	2.077009986797158	0	-1	1.2344131836627266
6.7147313	1	1.948155600614764	0	-1	1.2344131836627266
6.8399926	1	1.948155600614764	0	-1	1.3793456898280074
6.8399926	1	1.817767233644485	0	-1	1.3793456898280074
6.9652869	1	1.817767233644485	0	-1	1.4922013437389896
6.9652869	1	1.688912847462091	0	-1	1.4922013437389896
7.0871182	1	1.688912847462091	0	-1	1.5703247182448272
7.0871182	1	1.56619438443124	0	-1	1.5703247182448272
7.2105461	1	1.56619438443124	0	-1	1.613855298664169
7.2105461	1	1.4404079598246167	0	-1	1.613855298664169
7.3346495	1	1.4404079598246167	0	-1	1.6272156022808062
7.3346495	1	1.31615551600588	0	-1	1.6272156022808062
7.4573309	1	1.31615551600588	0	-1	1.6093450349140106
7.4573309	1	1.1919030721871433	0	-1	1.6093450349140106
7.5809714	1	1.1919030721871433	0.11508154698908886	-1	1.5605971279573583
7.5809714	1	1.0661166475805208	0.11508154698908886	-1	1.5605971279573583
7.7045043	1	1.0661166475805208	0.4235782549231312	-1	1.4797958997169838
7.7045043	1	0.9572040116406404	0.4235782549231312	-1	1.4797958997169838
7.8296089	1	0.9572040116406404	0.5685477137791488	-1	1.3842721672940728
7.8296089	1	0.900446722488871	0.5685477137791488	-1	1.3842721672940728
7.954605	1	0.900446722488871	0.6231036132692679	-1	1.3250892182174185
7.954605	1	0.8452234141249884	0.6231036132692679	-1	1.3250892182174185
8.077857	1	0.8452234141249884	0.6674941500283166	-1	1.2613218692376207
8.077857	1	0.8022719520641903	0.6674941500283166	-1	1.2613218692376207
8.2022281	1	0.8022719520641903	0.6975529780724549	-1	1.2075082923261098
8.2022281	1	0.7608544707912781	0.6975529780724549	-1	1.2075082923261098
8.3262161	1	0.7608544707912781	0.7236216861203572	-1	1.152122279745185
8.3262161	1	0.7209709703062512	0.7236216861203572	-1	1.152122279745185
8.4692055	1	0.7209709703062512	0.7465129550600207	-1	1.0955450332181775
8.4692055	1	0.6810874698212248	0.7465129550600207	-1	1.0955450332181775
8.5930774	1	0.6810874698212248	0.7676120366698257	-1	1.0357863994692924
8.5930774	1	0.6488738732756261	0.7676120366698257	-1	1.0357863994692924
8.717187	1	0.6488738732756261	0.7835558334343139	-1	0.9851973038762619
8.717187	1	0.6212622190936847	0.7835558334343139	-1	0.9851973038762619
8.8405723	1	0.6212622190936847	0.796555126194888	-1	0.9401833478049425
8.8405723	1	0.593650564911743	0.796555126194888	-1	0.9401833478049425
8.9629804	1	0.593650564911743	0.8090201638416542	-1	0.8936445848402962
8.9629804	1	0.5737088146692297	0.8090201638416542	-1	0.8936445848402962
9.0864708	1	0.5737088146692297	0.8177300391438822	-1	0.8590849579182828
9.0864708	1	0.5476311412751738	0.8177300391438822	-1	0.8590849579182828
9.2107766	1	0.5476311412751738	0.8287951784350058	-1	0.8126915201362723
9.2107766	1	0.5230874486690036	0.8287951784350058	-1	0.8126915201362723
9.3353621	1	0.5230874486690036	0.8389161406341601	-1	0.7677846728597311
9.3353621	1	0.5046796792143757	0.8389161406341601	-1	0.7677846728597311
9.4615336	1	0.5046796792143757	0.8463460065172526	-1	0.7333138967909705
9.4615336	1	0.48320394818397716	0.8463460065172526	-1	0.7333138967909705
9.5845097	1	0.48320394818397716	0.8548655290569258	-1	0.6922414640484502
9.5845097	1	0.4663301595172351	0.8548655290569258	-1	0.6922414640484502
9.7090252	1	0.4663301595172351	0.8614642000323202	-1	0.6593231652027717
9.7090252	1	0.44792239006260726	0.8614642000323202	-1	0.6593231652027717
9.8322787	1	0.44792239006260726	0.8685846182410878	-1	0.6227628389468602
9.8322787	1	0.4310486013958652	0.8685846182410878	-1	0.6227628389468602
9.9571981	1	0.4310486013958652	0.8750552904015848	-1	0.588653872990035
9.9571981	1	0.41570879351700896	0.8750552904015848	-1	0.588653872990035
10.0791526	1	0.41570879351700896	0.8809038428209688	-1	0.5571515717380977
10.0791526	1	0.4034369472139234	0.8809038428209688	-1	0.5571515717380977
10.2041329	1	0.4034369472139234	0.8855677491780162	-1	0.5316108847602521
10.2041329	1	0.3865631585471814	0.8855677491780162	-1	0.5316108847602521
10.3280077	1	0.3865631585471814	0.8919719741485165	-1	0.4960006428806766
10.3280077	1	0.3727573314562109	0.8919719741485165	-1	0.4960006428806766
10.4527739	1	0.3727573314562109	0.8972162309879469	-1	0.4664414329633835
10.4527739	1	0.35741752357735423	0.8972162309879469	-1	0.4664414329633835
10.5775816	1	0.35741752357735423	0.9030628738383981	-1	0.4331507779476675
10.5775816	1	0.34514567727426915	0.9030628738383981	-1	0.4331507779476675
10.7022661	1	0.34514567727426915	0.9077667545439483	-1	0.4061794079588006
10.7022661	1	0.3359417925469552	0.9077667545439483	-1	0.4061794079588006
10.8246246	1	0.3359417925469552	0.9113170252922063	-1	0.3857532203143116
10.8246246	1	0.32060198466809897	0.9113170252922063	-1	0.3857532203143116
10.9485199	1	0.32060198466809897	0.9172919406617606	-1	0.35133307871094754
10.9485199	1	0.31139809994078504	0.9172919406617606	-1	0.35133307871094754
11.0712515	1	0.31139809994078504	0.9209212861101236	-1	0.33045509643139886
11.0712515	1	0.3037281960013569	0.9209212861101236	-1	0.33045509643139886
11.1959439	1	0.3037281960013569	0.9239773447188452	-1	0.31292735752694056
11.1959439	1	0.294524311274043	0.9239773447188452	-1	0.31292735752694056
11.3205206	1	0.294524311274043	0.927689596811419	-1	0.2917387664357884
11.3205206	1	0.2837864457588437	0.927689596811419	-1	0.2917387664357884
11.4456208	1	0.2837864457588437	0.9320946962695696	-1	0.26680461166386976
11.4456208	1	0.2761165418194156	0.9320946962695696	-1	0.26680461166386976
11.5686229	1	0.2761165418194156	0.9352995457983762	-1	0.24885331528904306
11.5686229	1	0.268446637879987	0.9352995457983762	-1	0.24885331528904306
11.6916729	1	0.268446637879987	0.9385619803822487	-1	0.23078436406133515
11.6916729	1	0.25924275315267353	0.9385619803822487	-1	0.23078436406133515
11.814919	1	0.25924275315267353	0.9425665544250068	-1	0.20894631818228585
11.814919	1	0.2500388684253596	0.9425665544250068	-1	0.20894631818228585
11.9386706	1	0.2500388684253596	0.9466885648395291	-1	0.1869388493150881
11.9386706	1	0.2500388684253596	0.9466885648395291	-1	0.1869388493150881
11.9386706	1	0.24543692606170264	0.9466885648395291	-1	0.1869388493150881
12.0638668	1	0.24543692606170264	0.9488016532377127	-1	0.17587158126093397
12.0638668	1	0.23930100291015988	0.9488016532377127	-1	0.17587158126093397
12.1871748	1	0.23930100291015988	0.9516821480192071	-1	0.1610493371377819
12.1871748	1	0.2346990605465029	0.9516821480192071	-1	0.1610493371377819
12.3114354	1	0.2346990605465029	0.9538962014972162	-1	0.14988323900720849
12.3114354	1	0.2270291566070748	0.9538962014972162	-1	0.14988323900720849
12.4346244	1	0.2270291566070748	0.9577067046449205	-1	0.13117895157394904
12.4346244	1	0.22089323345553247	0.9577067046449205	-1	0.13117895157394904
12.5588259	1	0.22089323345553247	0.9608845489100888	-1	0.11613081013326823
12.5588259	1	0.2162912910918755	0.9608845489100888	-1	0.11613081013326823
12.6816486	1	0.2162912910918755	0.9633594351363025	-1	0.10479528901454745
12.6816486	1	0.20862138715244738	0.9633594351363025	-1	0.10479528901454745
12.8053901	1	0.20862138715244738	0.9677013419301814	-1	0.08580862993437574
12.8053901	1	0.20555342557667577	0.9677013419301814	-1	0.08580862993437574
12.9289542	1	0.20555342557667577	0.9695312331951612	-1	0.07818102294349974
12.9289542	1	0.2024854640009046	0.9695312331951612	-1	0.07818102294349974
13.0538361	1	0.2024854640009046	0.9714263205562976	-1	0.07053459117616404
13.0538361	1	0.2009514832130188	0.9714263205562976	-1	0.07053459117616404
13.1765043	1	0.2009514832130188	0.9724016176596455	-1	0.06670431600132282
13.1765043	1	0.19788352163724765	0.9724016176596455	-1	0.06670431600132282
13.299528	1	0.19788352163724765	0.9744160192248279	-1	0.05902964706929588
13.299528	1	0.1932815792735907	0.9744160192248279	-1	0.05902964706929588
13.4239521	1	0.1932815792735907	0.9776307042035892	-1	0.04748234721539088
13.4239521	1	0.19174759848570533	0.9776307042035892	-1	0.04748234721539088
13.5484049	1	0.19174759848570533	0.9787657168654881	-1	0.04362383487585955
13.5484049	1	0.18714565612204836	0.9787657168654881	-1	0.04362383487585955
13.6721986	1	0.18714565612204836	0.9824259709702483	-1	0.03202006069257211
13.6721986	1	0.18714565612204836	0.9824259709702483	-1	0.03202006069257211
13.8135516	1	0.18714565612204836	0.9824259709702483	-1	0.03202006069257211
13.8135516	1	0.1794757521826198	0.9824259709702483	-1	0.03202006069257211
13.9373749	1	0.1794757521826198	0.9900246561091505	-1	0.012586313171454847
13.9373749	1	0.17794177139473444	0.9900246561091505	-1	0.012586313171454847
14.0611848	1	0.17794177139473444	0.9920248281536718	-1	0.008685445084886684
14.0611848	1	0.17794177139473444	0.9920248281536718	-1	0.008685445084886684
14.1855774	1	0.17794177139473444	0.9920248281536718	-1	0.008685445084886684
14.1855774	1	0.17794177139473444	0.9920248281536718	-1	0.008685445084886684
14.3086891	1	0.17794177139473444	0.9920248281536718	-1	0.008685445084886684
14.3086891	1	0.17794177139473444	0.9920248281536718	-1	0.008685445084886684
14.4318908	1	0.17794177139473444	0.9920248281536718	-1	0.008685445084886684
14.4318908	1	0.17794177139473444	0.9920248281536718	-1	0.008685445084886684
14.557176	1	0.17794177139473444	0.9920248281536718	-1	0.008685445084886684
14.557176	1	0.1794757521826198	0.9920248281536718	-1	0.008685445084886684
14.6963417	1	0.1794757521826198	0.9900246561091505	-1	0.012586313171454847
14.6963417	1	0.17794177139473444	0.9900246561091505	-1	0.012586313171454847
14.8208559	1	0.17794177139473444	0.9920248281536718	-1	0.008685445084886684
14.8208559	1	0.17794177139473444	0.9920248281536718	-1	0.008685445084886684
14.9443944	1	0.17794177139473444	0.9920248281536718	-1	0.008685445084886684
14.9443944	1	0.17794177139473444	0.9920248281536718	-1	0.008685445084886684
15.0680507	1	0.17794177139473444	0.9920248281536718	-1	0.008685445084886684
15.0680507	1	0.17794177139473444	0.9920248281536718	-1	0.008685445084886684
15.1919355	1	0.17794177139473444	0.9920248281536718	-1	0.008685445084886684
15.1919355	1	0.1794757521826198	0.9920248281536718	-1	0.008685445084886684
15.3169219	1	0.1794757521826198	0.9900246561091505	-1	0.012586313171454847
15.3169219	1	0.17794177139473444	0.9900246561091505	-1	0.012586313171454847
15.4574567	1	0.17794177139473444	0.9920248281536718	-1	0.008685445084886684
15.4574567	1	0.1794757521826198	0.9920248281536718	-1	0.008685445084886684
15.5811097	1	0.1794757521826198	0.9900246561091505	-1	0.012586313171454847
15.5811097	1	0.1794757521826198	0.9900246561091505	-1	0.012586313171454847
15.7066861	1	0.1794757521826198	0.9900246561091505	-1	0.012586313171454847
15.7066861	1	0.17794177139473444	0.9900246561091505	-1	0.012586313171454847
15.8319322	1	0.17794177139473444	0.9920248281536718	-1	0.008685445084886684
15.8319322	1	0.17794177139473444	0.9920248281536718	-1	0.008685445084886684
15.9550898	1	0.17794177139473444	0.9920248281536718	-1	0.008685445084886684
15.9550898	1	0.17794177139473444	0.9920248281536718	-1	0.008685445084886684
16.0778626	1	0.17794177139473444	0.9920248281536718	-1	0.008685445084886684
16.0778626	1	0.17794177139473444	0.9920248281536718	-1	0.008685445084886684
16.2023463	1	0.17794177139473444	0.9920248281536718	-1	0.008685445084886684
16.2023463	1	0.1794757521826198	0.9920248281536718	-1	0.008685445084886684
16.3245551	1	0.1794757521826198	0.9900246561091505	-1	0.012586313171454847
16.3245551	1	0.17794177139473444	0.9900246561091505	-1	0.012586313171454847
16.4485522	1	0.17794177139473444	0.9920248281536718	-1	0.008685445084886684
16.4485522	1	0.17794177139473444	0.9920248281536718	-1	0.008685445084886684
16.5725281	1	0.17794177139473444	0.9920248281536718	-1	0.008685445084886684
16.5725281	1	0.17794177139473444	0.9920248281536718	-1	0.008685445084886684
16.6958181	1	0.17794177139473444	0.9920248281536718	-1	0.008685445084886684
16.6958181	1	0.17794177139473444	0.9920248281536718	-1	0.008685445084886684
16.8170884	1	0.17794177139473444	0.9920248281536718	-1	0.008685445084886684
16.8170884	1	0.17794177139473444	0.9920248281536718	-1	0.008685445084886684
16.9416707	1	0.17794177139473444	0.9920248281536718	-1	0.008685445084886684
16.9416707	1	0.17794177139473444	0.9920248281536718	-1	0.008685445084886684
16.9416707	1	0.17794177139473444	0.9920248281536718	-1	0.008685445084886684
17.0821391	1	0.17794177139473444	0.9920248281536718	-1	0.008685445084886684
17.0821391	1	0.17794177139473444	0.9920248281536718	-1	0.008685445084886684
17.2054539	1	0.17794177139473444	0.9920248281536718	-1	0.008685445084886684
17.2054539	1	0.17794177139473444	0.9920248281536718	-1	0.008685445084886684
17.327691	1	0.17794177139473444	0.9920248281536718	-1	0.008685445084886684
17.327691	1	0.17794177139473444	0.9920248281536718	-1	0.008685445084886684
17.4516534	1	0.17794177139473444	0.9920248281536718	-1	0.008685445084886684
17.4516534	1	0.1794757521826198	0.9920248281536718	-1	0.008685445084886684
17.576637	1	0.1794757521826198	0.9900246561091505	-1	0.012586313171454847
17.576637	1	0.17794177139473444	0.9900246561091505	-1	0.012586313171454847
17.7010029	1	0.17794177139473444	0.9920248281536718	-1	0.008685445084886684
17.7010029	1	0.17794177139473444	0.9920248281536718	-1	0.008685445084886684
17.8259733	1	0.17794177139473444	0	0	0.008685445084886684
17.8259733	1	0.17794177139473444	0	0	0.008685445084886684
17.9491977	1	0.17794177139473444	0	0	0.008685445084886684
17.9491977	1	0.1794757521826198	0	0	0.008685445084886684
18.0721147	1	0.1794757521826198	0	1	0.012586313171454847
18.0721147	1	0.1825437137583914	0	1	0.012586313171454847
18.1973085	1	0.1825437137583914	0	1	0.020373930762247815
18.1973085	1	0.27918450339518674	0	1	0.25604795242131917
18.3203175	1	0.27918450339518674	0	1	0.25604795242131917
18.3203175	1	0.41570879351700896	0	1	0.25604795242131917
18.4430304	1	0.41570879351700896	0	1	0.5571515717380977
18.4430304	1	0.5292233718205464	0	1	0.5571515717380977
18.5657436	1	0.5292233718205464	0	1	0.7791243333376318
18.5657436	1	0.653475815639283	0	1	0.7791243333376318
18.689331	1	0.653475815639283	0	1	0.9925513847735197
18.689331	1	0.7777282594580202	0	1	0.9925513847735197
18.8135525	1	0.7777282594580202	0	1	1.1751010966195516
18.8135525	1	0.9035146840646426	0	1	1.1751010966195516
18.9385997	1	0.9035146840646426	0	1	1.3284530133399188
18.9385997	1	1.0277671278833793	0	1	1.3284530133399188
19.0639852	1	1.0277671278833793	0	1	1.4488668442829051
19.0639852	1	1.1550875332778876	0	1	1.4488668442829051
19.188143	1	1.1550875332778876	0	1	1.540223499088748
19.188143	1	1.28087395788451	0	1	1.540223499088748
19.3115065	1	1.28087395788451	0	1	1.59864206811721
19.3115065	1	1.4097283440669042	0	1	1.59864206811721
19.4346569	1	1.4097283440669042	0	1	1.625673894921502
19.4346569	1	1.5370487494614125	0	1	1.625673894921502
19.5600238	1	1.5370487494614125	0	1	1.619767635948413
19.5600238	1	1.6643691548559207	0	1	1.619767635948413
19.6844753	1	1.6643691548559207	0	-1	1.5814404057156803
19.6844753	1	1.7702138292200296	0	-1	1.5814404057156803
19.808709	1	1.7702138292200296	0	-1	1.5248987275579753
19.808709	1	1.6520973085528352	0	-1	1.5248987275579753
19.9323443	1	1.6520973085528352	0	-1	1.5865464548160475
19.9323443	1	1.5217089415825562	0	-1	1.5865464548160475
20.0558616	1	1.5217089415825562	0	-1	1.6221969942671
20.0558616	1	1.3974564977638195	0	-1	1.6221969942671
20.1802453	1	1.3974564977638195	0	1	1.6245301182368772
20.1802453	1	1.3038836697027953	0	1	1.6245301182368772
20.3019173	1	1.3038836697027953	0	1	1.6059046355011664
20.3019173	1	1.394388536188048	0	1	1.6059046355011664
20.4269102	1	1.394388536188048	0	1	1.624197112124569
20.4269102	1	1.540116711037184	0	1	1.624197112124569
20.5510338	1	1.540116711037184	0	1	1.6192252899552932
20.5510338	1	1.662835174068035	0	1	1.6192252899552932
20.6755408	1	1.662835174068035	0	1	1.5820951335326294
20.6755408	1	1.7932235410383148	0	1	1.5820951335326294
20.798026	1	1.7932235410383148	-0.346822778687146	1	1.5096421561006774
20.798026	1	1.9174759848570515	-0.346822778687146	1	1.5096421561006774
20.9225876	1	1.9174759848570515	-0.539957354855832	1	1.4089589875113566
20.9225876	1	2.0018449281907618	-0.539957354855832	1	1.4089589875113566
21.0485864	1	2.0018449281907618	-0.6247607796318999	1	1.3229927070462613
21.0485864	1	2.060136198130416	-0.6247607796318999	1	1.3229927070462613
21.1710974	1	2.060136198130416	-0.6711527624278264	1	1.2552819773597201
21.1710974	1	2.1092235833427564	-0.6711527624278264	1	1.2552819773597201
21.2945198	1	2.1092235833427564	-0.7048005166398561	1	1.1929914781093935
21.2945198	1	2.1506410646156686	-0.7048005166398561	1	1.1929914781093935
21.4191806	1	2.1506410646156686	-0.7301968960648528	1	1.1366853857541699
21.4191806	1	2.1874566035249243	-0.7301968960648528	1	1.1366853857541699
21.5426614	1	2.1874566035249243	-0.7508994785609943	1	1.0837553350843545
21.5426614	1	2.2212041808584084	-0.7508994785609943	1	1.0837553350843545
21.6678606	1	2.2212041808584084	-0.7685796539594874	1	1.0328547877480638
21.6678606	1	2.2549517581918925	-0.7685796539594874	1	1.0328547877480638
21.7926904	1	2.2549517581918925	-0.7852058167307397	1	0.9796764424600142
21.7926904	1	2.285631373949605	-0.7852058167307397	1	0.9796764424600142
21.9165355	1	2.285631373949605	-0.7995373710042646	1	0.9293558906697654
21.9165355	1	2.313243028131547	-0.7995373710042646	1	0.9293558906697654
22.039847	1	2.313243028131547	-0.8118869136622483	1	0.8824578756711408
22.039847	1	2.337786720737717	-0.8118869136622483	1	0.8824578756711408
22.1656882	1	2.337786720737717	-0.8224854822590761	1	0.8394906664285837
22.1656882	1	2.363864394131773	-0.8224854822590761	1	0.8394906664285837
22.2884178	1	2.363864394131773	-0.8334080597551992	1	0.7925179191590518
22.2884178	1	2.3853401251621724	-0.8334080597551992	1	0.7925179191590518
22.4137634	1	2.3853401251621724	-0.8421767607367445	1	0.7528132361082017
22.4137634	1	2.408349836980457	-0.8421767607367445	1	0.7528132361082017
22.5364329	1	2.408349836980457	-0.8513786717241405	1	0.7092489070479496
22.5364329	1	2.4298255680108554	-0.8513786717241405	1	0.7092489070479496
22.6583187	1	2.4298255680108554	-0.8598160844446102	1	0.6676335091863282
22.6583187	1	2.448233337465483	-0.8598160844446102	1	0.6676335091863282
22.7810662	1	2.448233337465483	-0.8669537650883515	1	0.6312290018801084
22.7810662	1	2.468175087707997	-0.8669537650883515	1	0.6312290018801084
22.9064462	1	2.468175087707997	-0.8746101635402258	1	0.5910260290879826
22.9064462	1	2.4881168379505096	-0.8746101635402258	1	0.5910260290879826
23.0321753	1	2.4881168379505096	-0.8822112660883183	1	0.5500277094903891
23.0321753	1	2.500388684253595	-0.8822112660883183	1	0.5500277094903891
23.1563792	1	2.500388684253595	-0.8868727596927237	1	0.5244026540477297
23.1563792	1	2.518796453708223	-0.8868727596927237	1	0.5244026540477297
23.2786288	1	2.518796453708223	-0.8938592990544839	1	0.48540032758991697
23.2786288	1	2.5341362615870793	-0.8938592990544839	1	0.48540032758991697
23.4038515	1	2.5341362615870793	-0.8996922763035405	1	0.4523807075224012
23.4038515	1	2.544874127102279	-0.8996922763035405	1	0.4523807075224012
23.5274459	1	2.544874127102279	-0.903790646518506	1	0.4289869549252847
23.5274459	1	2.5571459734053636	-0.903790646518506	1	0.4289869549252847
23.6502292	1	2.5571459734053636	-0.9084992298535244	1	0.4019688660245267
23.6502292	1	2.569417819708449	-0.9084992298535244	1	0.4019688660245267
23.77369	1	2.569417819708449	-0.9132446464240475	1	0.3746495807003936
23.77369	1	2.581689666011534	-0.9132446464240475	1	0.3746495807003936
23.8977932	1	2.581689666011534	-0.918039477491545	1	0.34702909895288947
23.8977932	1	2.595495493102505	-0.918039477491545	1	0.34702909895288947
24.0222409	1	2.595495493102505	-0.9235113189991063	1	0.3155960331371316
24.0222409	1	2.6031653970419333	-0.9235113189991063	1	0.3155960331371316
24.1464791	1	2.6031653970419333	-0.9265956566036907	1	0.29796850200101266
24.1464791	1	2.612369281769247	-0.9265956566036907	1	0.29796850200101266
24.270556	1	2.612369281769247	-0.9303478675577601	1	0.27666016023186774
24.270556	1	2.623107147284446	-0.9303478675577601	1	0.27666016023186774
24.3948781	1	2.623107147284446	-0.9348094850869989	1	0.2515862963356253
24.3948781	1	2.63231103201176	-0.9348094850869989	1	0.2515862963356253
24.5190506	1	2.63231103201176	-0.9387207690600712	1	0.22991087142549443
24.5190506	1	2.641514916739074	-0.9387207690600712	1	0.22991087142549443
24.660329	1	2.641514916739074	-0.9427296272861184	1	0.2080660235272162
24.660329	1	2.6522527822542736	-0.9427296272861184	1	0.2080660235272162
24.7835695	1	2.6522527822542736	-0.9475580260315568	1	0.18236623581364947
24.7835695	1	2.658388705405816	-0.9475580260315568	1	0.18236623581364947
24.9095307	1	2.658388705405816	-0.9504059060855502	1	0.16757710656393487
24.9095307	1	2.6645246285573583	-0.9504059060855502	1	0.16757710656393487
25.0336079	1	2.6645246285573583	-0.9533312484916227	1	0.15271267820837703
25.0336079	1	2.6721945324967873	-0.9533312484916227	1	0.15271267820837703
25.1578063	1	2.6721945324967873	-0.9571174495928182	1	0.13402625339633492
25.1578063	1	2.6813984172241003	-0.9571174495928182	1	0.13402625339633492
25.283017	1	2.6813984172241003	-0.9618978485371127	1	0.11144723921608696
25.283017	1	2.6875343403756435	-0.9618978485371127	1	0.11144723921608696
25.4067629	1	2.6875343403756435	-0.9652683141880697	1	0.09630043921361466
25.4067629	1	2.6967382251029575	-0.9652683141880697	1	0.09630043921361466
25.5297725	1	2.6967382251029575	-0.9706987177378972	1	0.07343905338645225
25.5297725	1	2.701340167466614	-0.9706987177378972	1	0.07343905338645225
25.6535905	1	2.701340167466614	-0.9736407498865817	1	0.0619448268523169
25.6535905	1	2.709010071406042	-0.9736407498865817	1	0.0619448268523169
25.7777205	1	2.709010071406042	-0.9790447030025046	1	0.042693658746452416
25.7777205	1	2.725883860072784	-0.9790447030025046	1	0.042693658746452416
25.9018835	1	2.725883860072784	-1.0004523630317639	1	-7.305616858789697E-05
25.9018835	1	2.725883860072784	-1.0004523630317639	1	-7.305616858789697E-05
26.0265445	1	2.725883860072784	-1.0004523630317639	1	-7.305616858789697E-05
26.0265445	1	2.725883860072784	-1.0004523630317639	1	-7.305616858789697E-05
26.1505934	1	2.725883860072784	-0.00045236303176392505	0	-7.305616858789697E-05
26.1505934	1	2.725883860072784	-0.00045236303176392505	0	-7.305616858789697E-05
26.2757842	1	2.725883860072784	0	-1	-7.305616858789697E-05
26.2757842	1	2.725883860072784	0	-1	-7.305616858789697E-05
26.4004507	1	2.725883860072784	0	-1	-7.305616858789697E-05
26.4004507	1	2.6353789935875316	0	-1	-7.305616858789697E-05
26.5250167	1	2.6353789935875316	0	-1	0.2226480802358618
26.5250167	1	2.405281875404685	0	-1	0.2226480802358618
26.6488372	1	2.405281875404685	0	-1	0.7151186647794816
26.6488372	1	2.2963692394648048	0	-1	0.7151186647794816
26.7718441	1	2.2963692394648048	0	-1	0.911298962199291
26.7718441	1	2.162912910918754	0	-1	0.911298962199291
26.8950678	1	2.162912910918754	0	-1	1.1193432319542707
26.8950678	1	2.0386604671000175	0	-1	1.1193432319542707
27.0191021	1	2.0386604671000175	0	-1	1.281018676276642
27.0191021	1	1.9082721001297376	0	-1	1.281018676276642
27.1421108	1	1.9082721001297376	-0.5290139979394477	1	1.4174758936753755
27.1421108	1	1.8024274257656288	-0.5290139979394477	1	1.4174758936753755
27.2656983	1	1.8024274257656288	-0.36550954132160846	1	1.5032430372885006
27.2656983	1	1.8484468494021975	-0.36550954132160846	1	1.5032430372885006
27.390579	1	1.8484468494021975	-0.4465986960091419	1	1.4687060984054063
27.390579	1	1.9358837543116794	-0.4465986960091419	1	1.4687060984054063
27.5133954	1	1.9358837543116794	-0.5607077518820791	1	1.3914169062188766
27.5133954	1	2.0049128897665334	-0.5607077518820791	1	1.3914169062188766
27.6382037	1	2.0049128897665334	-0.6274108341526153	1	1.3195984074193272
27.6382037	1	2.061670178918302	-0.6274108341526153	1	1.3195984074193272
27.7615982	1	2.061670178918302	-0.6722715768316329	1	1.253408345266933
27.7615982	1	2.110757564130642	-0.6722715768316329	1	1.253408345266933
27.8852295	1	2.110757564130642	-0.705785972961672	1	1.1909672478049198
27.8852295	1	2.1537090261914402	-0.705785972961672	1	1.1909672478049198
28.0086631	1	2.1537090261914402	-0.7319846976454861	1	1.132378084468886
28.0086631	1	2.190524565100696	-0.7319846976454861	1	1.132378084468886
28.1327133	1	2.190524565100696	-0.752554864819511	1	1.0792221364815409
28.1327133	1	2.22427214243418	-0.752554864819511	1	1.0792221364815409
28.2587097	1	2.22427214243418	-0.7701321777889228	1	1.028114516604181
28.2587097	1	2.2564857389797783	-0.7701321777889228	1	1.028114516604181
28.3827997	1	2.2564857389797783	-0.7859391131245244	1	0.9772051237145959
28.3827997	1	2.287165354737491	-0.7859391131245244	1	0.9772051237145959
28.5055331	1	2.287165354737491	-0.8002363692834081	1	0.926790448042043
28.5055331	1	2.3147770089194326	-0.8002363692834081	1	0.926790448042043
28.6272146	1	2.3147770089194326	-0.8125592334154057	1	0.8798077215493447
28.6272146	1	2.337786720737717	-0.8125592334154057	1	0.8798077215493447
28.7511972	1	2.337786720737717	-0.8224854822590761	1	0.8394906664285837
28.7511972	1	2.363864394131773	-0.8224854822590761	1	0.8394906664285837
28.8756507	1	2.363864394131773	-0.8334080597551992	1	0.7925179191590518
28.8756507	1	2.3853401251621724	-0.8334080597551992	1	0.7925179191590518
28.9999598	1	2.3853401251621724	-0.8421767607367445	1	0.7528132361082017
28.9999598	1	2.408349836980457	-0.8421767607367445	1	0.7528132361082017
29.1242798	1	2.408349836980457	-0.8513786717241405	1	0.7092489070479496
29.1242798	1	2.431359548798741	-0.8513786717241405	1	0.7092489070479496
29.249038	1	2.431359548798741	-0.8604139352217943	1	0.6646256843117766
29.249038	1	2.451301299041255	-0.8604139352217943	1	0.6646256843117766
29.3727613	1	2.451301299041255	-0.8681362690995794	1	0.6250956972781251
29.3727613	1	2.4697090684958827	-0.8681362690995794	1	0.6250956972781251
29.4976089	1	2.4697090684958827	-0.8751965038856253	1	0.5879005493605509
29.4976089	1	2.485048876374739	-0.8751965038856253	1	0.5879005493605509
29.6211681	1	2.485048876374739	-0.8810444325884125	1	0.5563869114099005
29.6211681	1	2.4988547034657094	-0.8810444325884125	1	0.5563869114099005
29.7471108	1	2.4988547034657094	-0.8862904474109546	1	0.5276222576574656
29.7471108	1	2.5172624729203372	-0.8862904474109546	1	0.5276222576574656
29.8707644	1	2.5172624729203372	-0.8932768554105699	1	0.48867640552903535
29.8707644	1	2.5326022807991935	-0.8932768554105699	1	0.48867640552903535
29.9953399	1	2.5326022807991935	-0.8991080328030363	1	0.45570384740267156
29.9953399	1	2.543340146314393	-0.8991080328030363	1	0.45570384740267156
30.1169541	1	2.543340146314393	-0.004096073787080529	0.1008919671969637	0.43234303816436154
30.1169541	1	2.555611992617478	-0.004096073787080529	0.1008919671969637	0.43234303816436154
30.2423836	1	2.555611992617478	-0.9079088800730625	1	0.40536259881652514
30.2423836	1	2.5678838389205634	-0.9079088800730625	1	0.40536259881652514
30.3663016	1	2.5678838389205634	-0.9126490441619189	1	0.3780809630453137
30.3663016	1	2.580155685223648	-0.9126490441619189	1	0.3780809630453137
30.5059082	1	2.580155685223648	-0.9174369394007084	1	0.35049813085073117
30.5059082	1	2.5939615123146194	-0.9174369394007084	1	0.35049813085073117
30.6282187	1	2.5939615123146194	-0.9228985646796668	1	0.31910742078201015
30.6282187	1	2.6031653970419333	-0.9228985646796668	1	0.31910742078201015
30.7680424	1	2.6031653970419333	-0.9265956566036907	1	0.29796850200101266
30.7680424	1	2.615437243345018	-0.9265956566036907	1	0.29796850200101266
30.8925456	1	2.615437243345018	-0.9316126427439406	1	0.2695197300892325
30.8925456	1	2.623107147284446	-0.9316126427439406	1	0.2695197300892325
31.0167666	1	2.623107147284446	-0.9348094850869989	1	0.2515862963356253
31.0167666	1	2.63231103201176	-0.9348094850869989	1	0.2515862963356253
31.1422917	1	2.63231103201176	-0.9387207690600712	1	0.22991087142549443
31.1422917	1	2.641514916739074	-0.9387207690600712	1	0.22991087142549443
31.2667991	1	2.641514916739074	-0.9427296272861184	1	0.2080660235272162
31.2667991	1	2.650718801466388	-0.9427296272861184	1	0.2080660235272162
31.3910395	1	2.650718801466388	-0.9468568615471402	1	0.18605175264079063
31.3910395	1	2.658388705405816	-0.9468568615471402	1	0.18605175264079063
31.5140096	1	2.658388705405816	-0.9504059060855502	1	0.16757710656393487
31.5140096	1	2.6645246285573583	-0.9504059060855502	1	0.16757710656393487
31.6377427	1	2.6645246285573583	-0.9533312484916227	1	0.15271267820837703
31.6377427	1	2.6706605517089015	-0.9533312484916227	1	0.15271267820837703
31.7627752	1	2.6706605517089015	-0.9563473543601375	1	0.13777295074697374
31.7627752	1	2.6798644364362154	-0.9563473543601375	1	0.13777295074697374
31.8846344	1	2.6798644364362154	-0.9610801657598123	1	0.11522217373141484
31.8846344	1	2.6860003595877577	-0.9610801657598123	1	0.11522217373141484
32.0077587	1	2.6860003595877577	-0.964409589825691	1	0.10009419850540555
32.0077587	1	2.693670263527186	-0.964409589825691	1	0.10009419850540555
32.1339568	1	2.693670263527186	-0.9688295203755264	1	0.08107834010530128
32.1339568	1	2.699806186678728	-0.9688295203755264	1	0.08107834010530128
32.259353	1	2.699806186678728	-0.9726395727061257	1	0.06578094189114463
32.259353	1	2.7059421098302714	-0.9726395727061257	1	0.06578094189114463
32.3838758	1	2.7059421098302714	-0.9767920657234487	1	0.050408244571142485
32.3838758	1	2.719747936921242	-0.9767920657234487	1	0.050408244571142485
32.5071915	1	2.719747936921242	-0.9886673707799299	1	0.015544363245402646
32.5071915	1	2.7243498792848984	-0.9886673707799299	1	0.015544363245402646
32.6302344	1	2.7243498792848984	-0.9951213147834068	1	0.0038383579760831107
32.6302344	1	2.725883860072784	-0.9951213147834068	1	0.0038383579760831107
32.753894	1	2.725883860072784	-1.0004523630317639	1	-7.305616858789697E-05
32.753894	1	2.7243498792848984	-1.0004523630317639	1	-7.305616858789697E-05
32.8778034	1	2.7243498792848984	-0.9951213147834068	1	0.0038383579760831107
32.8778034	1	2.725883860072784	-0.9951213147834068	1	0.0038383579760831107
33.00029	1	2.725883860072784	-1.0004523630317639	1	-7.305616858789697E-05
33.00029	1	2.7243498792848984	-1.0004523630317639	1	-7.305616858789697E-05
33.1243072	1	2.7243498792848984	-0.9951213147834068	1	0.0038383579760831107
33.1243072	1	2.7243498792848984	-0.9951213147834068	1	0.0038383579760831107
33.2489944	1	2.7243498792848984	-0.9951213147834068	1	0.0038383579760831107
33.2489944	1	2.7243498792848984	-0.9951213147834068	1	0.0038383579760831107
33.3729379	1	2.7243498792848984	-0.9951213147834068	1	0.0038383579760831107
33.3729379	1	2.725883860072784	-0.9951213147834068	1	0.0038383579760831107
33.4967245	1	2.725883860072784	-1.0004523630317639	1	-7.305616858789697E-05
33.4967245	1	2.7243498792848984	-1.0004523630317639	1	-7.305616858789697E-05
33.6201421	1	2.7243498792848984	-0.9951213147834068	1	0.0038383579760831107
33.6201421	1	2.7243498792848984	-0.9951213147834068	1	0.0038383579760831107
33.7438251	1	2.7243498792848984	-0.9951213147834068	1	0.0038383579760831107
33.7438251	1	2.725883860072784	-0.9951213147834068	1	0.0038383579760831107
33.8679214	1	2.725883860072784	-1.0004523630317639	1	-7.305616858789697E-05
33.8679214	1	2.725883860072784	-1.0004523630317639	1	-7.305616858789697E-05
33.9907971	1	2.725883860072784	-1.0004523630317639	1	-7.305616858789697E-05
33.9907971	1	2.7243498792848984	-1.0004523630317639	1	-7.305616858789697E-05
34.1149834	1	2.7243498792848984	-0.9951213147834068	1	0.0038383579760831107
34.1149834	1	2.7243498792848984	-0.9951213147834068	1	0.0038383579760831107
34.238971	1	2.7243498792848984	-0.9951213147834068	1	0.0038383579760831107
34.238971	1	2.7243498792848984	-0.9951213147834068	1	0.0038383579760831107
34.3614177	1	2.7243498792848984	-0.9951213147834068	1	0.0038383579760831107
34.3614177	1	2.7243498792848984	-0.9951213147834068	1	0.0038383579760831107
34.4846345	1	2.7243498792848984	-0.9951213147834068	1	0.0038383579760831107
34.4846345	1	2.7243498792848984	-0.9951213147834068	1	0.0038383579760831107
34.6108544	1	2.7243498792848984	-0.9951213147834068	1	0.0038383579760831107
34.6108544	1	2.725883860072784	-0.9951213147834068	1	0.0038383579760831107
34.6108544	1	2.725883860072784	-0.9951213147834068	1	0.0038383579760831107
34.7511716	1	2.725883860072784	-1.0004523630317639	1	-7.305616858789697E-05
34.7511716	1	2.725883860072784	-1.0004523630317639	1	-7.305616858789697E-05
34.8736743	1	2.725883860072784	-1.0004523630317639	1	-7.305616858789697E-05
34.8736743	1	2.7243498792848984	-1.0004523630317639	1	-7.305616858789697E-05
34.9989449	1	2.7243498792848984	-0.9951213147834068	1	0.0038383579760831107
34.9989449	1	2.7243498792848984	-0.9951213147834068	1	0.0038383579760831107
35.1238607	1	2.7243498792848984	-0.9951213147834068	1	0.0038383579760831107
35.1238607	1	2.7243498792848984	-0.9951213147834068	1	0.0038383579760831107
35.2465528	1	2.7243498792848984	-0.9951213147834068	1	0.0038383579760831107
35.2465528	1	2.7243498792848984	-0.9951213147834068	1	0.0038383579760831107
35.3696146	1	2.7243498792848984	-0.9951213147834068	1	0.0038383579760831107
35.3696146	1	2.725883860072784	-0.9951213147834068	1	0.0038383579760831107
35.4945564	1	2.725883860072784	-1.0004523630317639	1	-7.305616858789697E-05
35.4945564	1	2.7243498792848984	-1.0004523630317639	1	-7.305616858789697E-05
35.6187167	1	2.7243498792848984	-0.9951213147834068	1	0.0038383579760831107
35.6187167	1	2.7243498792848984	-0.9951213147834068	1	0.0038383579760831107
35.7419892	1	2.7243498792848984	-0.9951213147834068	1	0.0038383579760831107
35.7419892	1	2.725883860072784	-0.9951213147834068	1	0.0038383579760831107
35.8651115	1	2.725883860072784	-1.0004523630317639	1	-7.305616858789697E-05
35.8651115	1	2.7243498792848984	-1.0004523630317639	1	-7.305616858789697E-05
35.9903286	1	2.7243498792848984	-0.9951213147834068	1	0.0038383579760831107
35.9903286	1	2.7243498792848984	-0.9951213147834068	1	0.0038383579760831107
36.1136465	1	2.7243498792848984	-0.9951213147834068	1	0.0038383579760831107
36.1136465	1	2.7243498792848984	-0.9951213147834068	1	0.0038383579760831107
36.2378825	1	2.7243498792848984	-0.9951213147834068	1	0.0038383579760831107
36.2378825	1	2.725883860072784	-0.9951213147834068	1	0.0038383579760831107
36.3609977	1	2.725883860072784	-1.0004523630317639	1	-7.305616858789697E-05
36.3609977	1	2.7243498792848984	-1.0004523630317639	1	-7.305616858789697E-05
36.4847752	1	2.7243498792848984	-0.9951213147834068	1	0.0038383579760831107
36.4847752	1	2.7243498792848984	-0.9951213147834068	1	0.0038383579760831107
36.6070684	1	2.7243498792848984	-0.9951213147834068	1	0.0038383579760831107
36.6070684	1	2.725883860072784	-0.9951213147834068	1	0.0038383579760831107
36.7310616	1	2.725883860072784	-1.0004523630317639	1	-7.305616858789697E-05
36.7310616	1	2.725883860072784	-1.0004523630317639	1	-7.305616858789697E-05
36.8547723	1	2.725883860072784	-1.0004523630317639	1	-7.305616858789697E-05
36.8547723	1	2.7243498792848984	-1.0004523630317639	1	-7.305616858789697E-05
36.9780042	1	2.7243498792848984	-0.9951213147834068	1	0.0038383579760831107
36.9780042	1	2.7243498792848984	-0.9951213147834068	1	0.0038383579760831107
37.101457	1	2.7243498792848984	-0.9951213147834068	1	0.0038383579760831107
37.101457	1	2.725883860072784	-0.9951213147834068	1	0.0038383579760831107
37.2258202	1	2.725883860072784	-1.0004523630317639	1	-7.305616858789697E-05
37.2258202	1	2.7243498792848984	-1.0004523630317639	1	-7.305616858789697E-05
37.3501461	1	2.7243498792848984	-0.9951213147834068	1	0.0038383579760831107
37.3501461	1	2.7243498792848984	-0.9951213147834068	1	0.0038383579760831107
37.4771223	1	2.7243498792848984	-0.9951213147834068	1	0.0038383579760831107
37.4771223	1	2.7243498792848984	-0.9951213147834068	1	0.0038383579760831107
37.6018247	1	2.7243498792848984	-0.9951213147834068	1	0.0038383579760831107
37.6018247	1	2.7243498792848984	-0.9951213147834068	1	0.0038383579760831107
37.7270215	1	2.7243498792848984	-0.9951213147834068	1	0.0038383579760831107
37.7270215	1	2.7243498792848984	-0.9951213147834068	1	0.0038383579760831107
37.8501988	1	2.7243498792848984	-0.9951213147834068	1	0.0038383579760831107
37.8501988	1	2.725883860072784	-0.9951213147834068	1	0.0038383579760831107
37.9741161	1	2.725883860072784	-1.0004523630317639	1	-7.305616858789697E-05
37.9741161	1	2.725883860072784	-1.0004523630317639	1	-7.305616858789697E-05
38.0981147	1	2.725883860072784	-1.0004523630317639	1	-7.305616858789697E-05
38.0981147	1	2.725883860072784	-1.0004523630317639	1	-7.305616858789697E-05
38.2213387	1	2.725883860072784	-1.0004523630317639	1	-7.305616858789697E-05
38.2213387	1	2.7243498792848984	-1.0004523630317639	1	-7.305616858789697E-05
38.3470472	1	2.7243498792848984	-0.9951213147834068	1	0.0038383579760831107
38.3470472	1	2.725883860072784	-0.9951213147834068	1	0.0038383579760831107
38.4718527	1	2.725883860072784	-1.0004523630317639	1	-7.305616858789697E-05
38.4718527	1	2.725883860072784	-1.0004523630317639	1	-7.305616858789697E-05
38.59677	1	2.725883860072784	-1.0004523630317639	1	-7.305616858789697E-05
38.59677	1	2.725883860072784	-1.0004523630317639	1	-7.305616858789697E-05
38.7220112	1	2.725883860072784	-1.0004523630317639	1	-7.305616858789697E-05
38.7220112	1	2.7243498792848984	-1.0004523630317639	1	-7.305616858789697E-05
38.8460949	1	2.7243498792848984	-0.9951213147834068	1	0.0038383579760831107
38.8460949	1	2.725883860072784	-0.9951213147834068	1	0.0038383579760831107
38.9688891	1	2.725883860072784	-1.0004523630317639	1	-7.305616858789697E-05
38.9688891	1	2.725883860072784	-1.0004523630317639	1	-7.305616858789697E-05
39.094202	1	2.725883860072784	-1.0004523630317639	1	-7.305616858789697E-05
39.094202	1	2.7243498792848984	-1.0004523630317639	1	-7.305616858789697E-05
39.2178977	1	2.7243498792848984	-0.9951213147834068	1	0.0038383579760831107
39.2178977	1	2.7243498792848984	-0.9951213147834068	1	0.0038383579760831107
39.3409044	1	2.7243498792848984	-0.9951213147834068	1	0.0038383579760831107
39.3409044	1	2.7243498792848984	-0.9951213147834068	1	0.0038383579760831107
39.4640285	1	2.7243498792848984	-0.9951213147834068	1	0.0038383579760831107
39.4640285	1	2.7243498792848984	-0.9951213147834068	1	0.0038383579760831107
39.5892345	1	2.7243498792848984	-0.9951213147834068	1	0.0038383579760831107
39.5892345	1	2.725883860072784	-0.9951213147834068	1	0.0038383579760831107
39.7135351	1	2.725883860072784	-1.0004523630317639	1	-7.305616858789697E-05
39.7135351	1	2.7243498792848984	-1.0004523630317639	1	-7.305616858789697E-05
39.8386813	1	2.7243498792848984	-0.9951213147834068	1	0.0038383579760831107
39.8386813	1	2.7243498792848984	-0.9951213147834068	1	0.0038383579760831107
39.9610743	1	2.7243498792848984	-0.9951213147834068	1	0.0038383579760831107
39.9610743	1	2.725883860072784	-0.9951213147834068	1	0.0038383579760831107
40.0847463	1	2.725883860072784	-1.0004523630317639	1	-7.305616858789697E-05
40.0847463	1	2.7243498792848984	-1.0004523630317639	1	-7.305616858789697E-05
40.2090542	1	2.7243498792848984	-0.9951213147834068	1	0.0038383579760831107
40.2090542	1	2.725883860072784	-0.9951213147834068	1	0.0038383579760831107
40.3330881	1	2.725883860072784	-1.0004523630317639	1	-7.305616858789697E-05
40.3330881	1	2.7243498792848984	-1.0004523630317639	1	-7.305616858789697E-05
40.4577498	1	2.7243498792848984	-0.9951213147834068	1	0.0038383579760831107
40.4577498	1	2.7243498792848984	-0.9951213147834068	1	0.0038383579760831107
40.5816084	1	2.7243498792848984	-0.9951213147834068	1	0.0038383579760831107
40.5816084	1	2.725883860072784	-0.9951213147834068	1	0.0038383579760831107
40.7051688	1	2.725883860072784	-1.0004523630317639	1	-7.305616858789697E-05
40.7051688	1	2.7243498792848984	-1.0004523630317639	1	-7.305616858789697E-05
40.8286654	1	2.7243498792848984	-0.9951213147834068	1	0.0038383579760831107
40.8286654	1	2.725883860072784	-0.9951213147834068	1	0.0038383579760831107
40.9510677	1	2.725883860072784	-1.0004523630317639	1	-7.305616858789697E-05
40.9510677	1	2.725883860072784	-1.0004523630317639	1	-7.305616858789697E-05
41.0733128	1	2.725883860072784	-1.0004523630317639	1	-7.305616858789697E-05
41.0733128	1	2.725883860072784	-1.0004523630317639	1	-7.305616858789697E-05
41.198024	1	2.725883860072784	-1.0004523630317639	1	-7.305616858789697E-05
41.198024	1	2.725883860072784	-1.0004523630317639	1	-7.305616858789697E-05
41.3224721	1	2.725883860072784	-0.00045236303176392505	0	-7.305616858789697E-05
41.3224721	1	2.725883860072784	-0.00045236303176392505	0	-7.305616858789697E-05
41.4465053	1	2.725883860072784	-0.00045236303176392505	0	-7.305616858789697E-05
41.4465053	1	2.725883860072784	-0.00045236303176392505	0	-7.305616858789697E-05
41.5721716	1	2.725883860072784	-0.00045236303176392505	0	-7.305616858789697E-05
41.5721716	1	2.725883860072784	-0.00045236303176392505	0	-7.305616858789697E-05
41.697043	1	2.725883860072784	-0.00045236303176392505	0	-7.305616858789697E-05
41.697043	1	2.7243498792848984	-0.00045236303176392505	0	-7.305616858789697E-05
41.8215999	1	2.7243498792848984	0	0	0.0038383579760831107
41.8215999	1	2.725883860072784	0	0	0.0038383579760831107
41.9453189	1	2.725883860072784	-0.00045236303176392505	0	-7.305616858789697E-05
41.9453189	1	2.7243498792848984	-0.00045236303176392505	0	-7.305616858789697E-05
42.069264	1	2.7243498792848984	0	0	0.0038383579760831107
42.069264	1	2.7243498792848984	0	0	0.0038383579760831107
42.194705	1	2.7243498792848984	0	0	0.0038383579760831107
42.194705	1	2.725883860072784	0	0	0.0038383579760831107
42.3177792	1	2.725883860072784	-0.00045236303176392505	0	-7.305616858789697E-05
42.3177792	1	2.725883860072784	-0.00045236303176392505	0	-7.305616858789697E-05
42.4414857	1	2.725883860072784	-0.00045236303176392505	0	-7.305616858789697E-05
42.4414857	1	2.7243498792848984	-0.00045236303176392505	0	-7.305616858789697E-05
42.5809407	1	2.7243498792848984	0	0	0.0038383579760831107
42.5809407	1	2.7243498792848984	0	0	0.0038383579760831107
42.7040881	1	2.7243498792848984	0	0	0.0038383579760831107
42.7040881	1	2.725883860072784	0	0	0.0038383579760831107
42.8264589	1	2.725883860072784	-0.00045236303176392505	0	-7.305616858789697E-05
42.8264589	1	2.7243498792848984	-0.00045236303176392505	0	-7.305616858789697E-05
42.9507652	1	2.7243498792848984	0	0	0.0038383579760831107
42.9507652	1	2.725883860072784	0	0	0.0038383579760831107
43.0749357	1	2.725883860072784	-0.00045236303176392505	0	-7.305616858789697E-05
43.0749357	1	2.725883860072784	-0.00045236303176392505	0	-7.305616858789697E-05
43.1982593	1	2.725883860072784	-0.00045236303176392505	0	-7.305616858789697E-05
43.1982593	1	2.725883860072784	-0.00045236303176392505	0	-7.305616858789697E-05
43.3245157	1	2.725883860072784	-0.00045236303176392505	0	-7.305616858789697E-05
43.3245157	1	2.7243498792848984	-0.00045236303176392505	0	-7.305616858789697E-05
43.4479135	1	2.7243498792848984	0	0	0.0038383579760831107
43.4479135	1	2.7243498792848984	0	0	0.0038383579760831107
43.5725777	1	2.7243498792848984	0	0	0.0038383579760831107
43.5725777	1	2.725883860072784	0	0	0.0038383579760831107
43.6962251	1	2.725883860072784	-0.00045236303176392505	0	-7.305616858789697E-05
43.6962251	1	2.725883860072784	-0.00045236303176392505	0	-7.305616858789697E-05
43.8211289	1	2.725883860072784	-0.00045236303176392505	0	-7.305616858789697E-05
43.8211289	1	2.7243498792848984	-0.00045236303176392505	0	-7.305616858789697E-05
43.9600568	1	2.7243498792848984	0	0	0.0038383579760831107
43.9600568	1	2.7243498792848984	0	0	0.0038383579760831107
44.0850189	1	2.7243498792848984	0	0	0.0038383579760831107
44.0850189	1	2.725883860072784	0	0	0.0038383579760831107
44.2083504	1	2.725883860072784	-0.00045236303176392505	0	-7.305616858789697E-05
44.2083504	1	2.725883860072784	-0.00045236303176392505	0	-7.305616858789697E-05
44.3318817	1	2.725883860072784	-0.00045236303176392505	0	-7.305616858789697E-05
44.3318817	1	2.725883860072784	-0.00045236303176392505	0	-7.305616858789697E-05
44.4561358	1	2.725883860072784	-0.00045236303176392505	0	-7.305616858789697E-05
44.4561358	1	2.7243498792848984	-0.00045236303176392505	0	-7.305616858789697E-05
44.5802271	1	2.7243498792848984	0	0	0.0038383579760831107
44.5802271	1	2.7243498792848984	0	0	0.0038383579760831107
44.7027785	1	2.7243498792848984	0	0	0.0038383579760831107
44.7027785	1	2.725883860072784	0	0	0.0038383579760831107
44.8272498	1	2.725883860072784	-0.00045236303176392505	0	-7.305616858789697E-05
44.8272498	1	2.7243498792848984	-0.00045236303176392505	0	-7.305616858789697E-05
44.9512186	1	2.7243498792848984	0	0	0.0038383579760831107
44.9512186	1	2.725883860072784	0	0	0.0038383579760831107
45.0757989	1	2.725883860072784	-0.00045236303176392505	0	-7.305616858789697E-05
45.0757989	1	2.725883860072784	-0.00045236303176392505	0	-7.305616858789697E-05
45.1984287	1	2.725883860072784	-0.00045236303176392505	0	-7.305616858789697E-05
45.1984287	1	2.725883860072784	-0.00045236303176392505	0	-7.305616858789697E-05
45.3228735	1	2.725883860072784	-0.00045236303176392505	0	-7.305616858789697E-05
45.3228735	1	2.725883860072784	-0.00045236303176392505	0	-7.305616858789697E-05
45.4449825	1	2.725883860072784	-0.00045236303176392505	0	-7.305616858789697E-05
45.4449825	1	2.7243498792848984	-0.00045236303176392505	0	-7.305616858789697E-05
45.5694821	1	2.7243498792848984	0	0	0.0038383579760831107
45.5694821	1	2.7243498792848984	0	0	0.0038383579760831107
45.6929072	1	2.7243498792848984	0	0	0.0038383579760831107
45.6929072	1	2.725883860072784	0	0	0.0038383579760831107
45.8171822	1	2.725883860072784	-0.00045236303176392505	0	-7.305616858789697E-05
45.8171822	1	2.7243498792848984	-0.00045236303176392505	0	-7.305616858789697E-05
45.9426292	1	2.7243498792848984	0	0	0.0038383579760831107
45.9426292	1	2.7243498792848984	0	0	0.0038383579760831107
46.0663375	1	2.7243498792848984	0	0	0.0038383579760831107
46.0663375	1	2.725883860072784	0	0	0.0038383579760831107
46.1912045	1	2.725883860072784	-0.00045236303176392505	0	-7.305616858789697E-05
46.1912045	1	2.725883860072784	-0.00045236303176392505	0	-7.305616858789697E-05
46.3148628	1	2.725883860072784	-0.00045236303176392505	0	-7.305616858789697E-05
46.3148628	1	2.725883860072784	-0.00045236303176392505	0	-7.305616858789697E-05
46.4380105	1	2.725883860072784	-0.00045236303176392505	0	-7.305616858789697E-05
46.4380105	1	2.725883860072784	-0.00045236303176392505	0	-7.305616858789697E-05
46.5613642	1	2.725883860072784	-0.00045236303176392505	0	-7.305616858789697E-05
46.5613642	1	2.7243498792848984	-0.00045236303176392505	0	-7.305616858789697E-05
46.6862543	1	2.7243498792848984	0	0	0.0038383579760831107
46.6862543	1	2.725883860072784	0	0	0.0038383579760831107
46.8093418	1	2.725883860072784	-0.00045236303176392505	0	-7.305616858789697E-05
46.8093418	1	2.725883860072784	-0.00045236303176392505	0	-7.305616858789697E-05
46.9336197	1	2.725883860072784	-0.00045236303176392505	0	-7.305616858789697E-05
46.9336197	1	2.725883860072784	-0.00045236303176392505	0	-7.305616858789697E-05
47.0578881	1	2.725883860072784	-0.00045236303176392505	0	-7.305616858789697E-05
47.0578881	1	2.725883860072784	-0.00045236303176392505	0	-7.305616858789697E-05
47.1804824	1	2.725883860072784	-0.00045236303176392505	0	-7.305616858789697E-05
47.1804824	1	2.7243498792848984	-0.00045236303176392505	0	-7.305616858789697E-05
47.3046559	1	2.7243498792848984	0	0	0.0038383579760831107
47.3046559	1	2.725883860072784	0	0	0.0038383579760831107
47.4296986	1	2.725883860072784	-0.00045236303176392505	0	-7.305616858789697E-05
47.4296986	1	2.7243498792848984	-0.00045236303176392505	0	-7.305616858789697E-05
47.5526544	1	2.7243498792848984	0	0	0.0038383579760831107
47.5526544	1	2.725883860072784	0	0	0.0038383579760831107
47.6772256	1	2.725883860072784	-0.00045236303176392505	0	-7.305616858789697E-05
47.6772256	1	2.725883860072784	-0.00045236303176392505	0	-7.305616858789697E-05
47.80138	1	2.725883860072784	-0.00045236303176392505	0	-7.305616858789697E-05
47.80138	1	2.7243498792848984	-0.00045236303176392505	0	-7.305616858789697E-05
47.9250311	1	2.7243498792848984	0	0	0.0038383579760831107
47.9250311	1	2.7243498792848984	0	0	0.0038383579760831107
48.0498522	1	2.7243498792848984	0	0	0.0038383579760831107
48.0498522	1	2.7243498792848984	0	0	0.0038383579760831107
48.1740714	1	2.7243498792848984	0	0	0.0038383579760831107
48.1740714	1	2.7243498792848984	0	0	0.0038383579760831107
48.2977713	1	2.7243498792848984	0	0	0.0038383579760831107
48.2977713	1	2.725883860072784	0	0	0.0038383579760831107
48.4216668	1	2.725883860072784	-0.00045236303176392505	0	-7.305616858789697E-05
48.4216668	1	2.725883860072784	-0.00045236303176392505	0	-7.305616858789697E-05
48.5476774	1	2.725883860072784	-0.00045236303176392505	0	-7.305616858789697E-05
48.5476774	1	2.7243498792848984	-0.00045236303176392505	0	-7.305616858789697E-05
48.6706603	1	2.7243498792848984	0	0	0.0038383579760831107
48.6706603	1	2.725883860072784	0	0	0.0038383579760831107
48.793082	1	2.725883860072784	-0.00045236303176392505	0	-7.305616858789697E-05
48.793082	1	2.725883860072784	-0.00045236303176392505	0	-7.305616858789697E-05
48.9179043	1	2.725883860072784	-0.00045236303176392505	0	-7.305616858789697E-05
48.9179043	1	2.725883860072784	-0.00045236303176392505	0	-7.305616858789697E-05
49.0407825	1	2.725883860072784	-0.00045236303176392505	0	-7.305616858789697E-05
49.0407825	1	2.725883860072784	-0.00045236303176392505	0	-7.305616858789697E-05
49.1649073	1	2.725883860072784	-0.00045236303176392505	0	-7.305616858789697E-05
49.1649073	1	2.7243498792848984	-0.00045236303176392505	0	-7.305616858789697E-05
49.2893135	1	2.7243498792848984	0	0	0.0038383579760831107
49.2893135	1	2.7243498792848984	0	0	0.0038383579760831107
49.4141874	1	2.7243498792848984	0	0	0.0038383579760831107
49.4141874	1	2.725883860072784	0	0	0.0038383579760831107
49.5375018	1	2.725883860072784	-0.00045236303176392505	0	-7.305616858789697E-05
49.5375018	1	2.7243498792848984	-0.00045236303176392505	0	-7.305616858789697E-05
49.661948	1	2.7243498792848984	0	0	0.0038383579760831107
49.661948	1	2.725883860072784	0	0	0.0038383579760831107
49.7850828	1	2.725883860072784	-0.00045236303176392505	0	-7.305616858789697E-05
49.7850828	1	2.725883860072784	-0.00045236303176392505	0	-7.305616858789697E-05
49.9088061	1	2.725883860072784	-0.00045236303176392505	0	-7.305616858789697E-05
49.9088061	1	2.725883860072784	-0.00045236303176392505	0	-7.305616858789697E-05
50.0343226	1	2.725883860072784	-0.00045236303176392505	0	-7.305616858789697E-05
50.0343226	1	2.7243498792848984	-0.00045236303176392505	0	-7.305616858789697E-05
50.1577543	1	2.7243498792848984	0	0	0.0038383579760831107
50.1577543	1	2.7243498792848984	0	0	0.0038383579760831107
50.2831567	1	2.7243498792848984	0	0	0.0038383579760831107
50.2831567	1	2.7243498792848984	0	0	0.0038383579760831107
50.4074338	1	2.7243498792848984	0	0	0.0038383579760831107
50.4074338	1	2.725883860072784	0	0	0.0038383579760831107
50.5306398	1	2.725883860072784	-0.00045236303176392505	0	-7.305616858789697E-05
50.5306398	1	2.7243498792848984	-0.00045236303176392505	0	-7.305616858789697E-05
50.6564005	1	2.7243498792848984	0	0	0.0038383579760831107
50.6564005	1	2.7243498792848984	0	0	0.0038383579760831107
50.7805612	1	2.7243498792848984	0	0	0.0038383579760831107
50.7805612	1	2.7243498792848984	0	0	0.0038383579760831107
50.9065466	1	2.7243498792848984	0	0	0.0038383579760831107
50.9065466	1	2.725883860072784	0	0	0.0038383579760831107
51.0297166	1	2.725883860072784	-0.00045236303176392505	0	-7.305616858789697E-05
51.0297166	1	2.7243498792848984	-0.00045236303176392505	0	-7.305616858789697E-05
51.1535343	1	2.7243498792848984	0	0	0.0038383579760831107
51.1535343	1	2.7243498792848984	0	0	0.0038383579760831107
51.2775461	1	2.7243498792848984	0	0	0.0038383579760831107
51.2775461	1	2.7243498792848984	0	0	0.0038383579760831107
51.4020487	1	2.7243498792848984	0	0	0.0038383579760831107
51.4020487	1	2.725883860072784	0	0	0.0038383579760831107
51.526684	1	2.725883860072784	-0.00045236303176392505	0	-7.305616858789697E-05
51.526684	1	2.7243498792848984	-0.00045236303176392505	0	-7.305616858789697E-05
51.6490097	1	2.7243498792848984	0	0	0.0038383579760831107
51.6490097	1	2.7243498792848984	0	0	0.0038383579760831107
51.7723991	1	2.7243498792848984	0	0	0.0038383579760831107
51.7723991	1	2.725883860072784	0	0	0.0038383579760831107
51.8966092	1	2.725883860072784	-0.00045236303176392505	0	-7.305616858789697E-05
51.8966092	1	2.7243498792848984	-0.00045236303176392505	0	-7.305616858789697E-05
52.0226823	1	2.7243498792848984	0	0	0.0038383579760831107
52.0226823	1	2.725883860072784	0	0	0.0038383579760831107
52.1479411	1	2.725883860072784	-0.00045236303176392505	0	-7.305616858789697E-05
52.1479411	1	2.725883860072784	-0.00045236303176392505	0	-7.305616858789697E-05
52.2712488	1	2.725883860072784	-0.00045236303176392505	0	-7.305616858789697E-05
52.2712488	1	2.7243498792848984	-0.00045236303176392505	0	-7.305616858789697E-05
52.3954979	1	2.7243498792848984	0	0	0.0038383579760831107
52.3954979	1	2.7243498792848984	0	0	0.0038383579760831107
52.5194438	1	2.7243498792848984	0	0	0.0038383579760831107
52.5194438	1	2.7243498792848984	0	0	0.0038383579760831107
52.5194438	1	2.7243498792848984	0	0	0.0038383579760831107
52.5194438	1	2.7243498792848984	0	0	0.0038383579760831107
52.5194438	1	2.7243498792848984	0	0	0.0038383579760831107
52.5194438	1	2.7243498792848984	0	0	0.0038383579760831107
52.5194438	1	2.7