time	mode	theta	u	uh	h
0	0	0	0	0	0
0	0	2.7304858024364416	0	0	0
0.0988806	0	2.7304858024364416	0	0	0
0.0988806	0	2.693670263527186	0	0	0
0.2388409	0	2.693670263527186	0	0	0
0.2388409	0	2.233476027161494	0	0	0
0.3614673	0	2.233476027161494	0	0	0
0.3614673	0	1.877592484372025	0	0	0
0.4845439	0	1.877592484372025	0	0	0
0.4845439	0	1.5876701154616386	0	0	0
0.4845439	0	1.5876701154616386	0	0	0
0.6242282	0	1.5876701154616386	0	0	0
0.6242282	0	1.3115535736422235	0	0	0
0.7499389	0	1.3115535736422235	0	0	0
0.8741943	0	1.1060001480655473	0	0	0
0.8741943	0	1.1060001480655473	0	0	0
0.8741943	0	0.9464661461254407	0	0	0
0.9976421	0	0.9464661461254407	0	0	0
0.9976421	0	0.8160777791551612	0	0	0
1.120598	0	0.8160777791551612	0	0	0
1.120598	0	0.701029220063738	0	0	0
1.2440158	0	0.701029220063738	0	0	0
1.2440158	0	0.610524353578485	0	0	0
1.3829615	0	0.610524353578485	0	0	0
1.3829615	0	0.5276893910326605	0	0	0
1.5069994	0	0.5276893910326605	0	0	0
1.5069994	0	0.46786414030512047	0	0	0
1.6304571	0	0.46786414030512047	0	0	0
1.6304571	0	0.4233786974564371	0	0	0
1.7533163	0	0.4233786974564371	0	0	0
1.7533163	0	0.3834951969714102	0	0	0
1.8765526	0	0.3834951969714102	0	0	0
1.8765526	0	0.3512816004258119	0	0	0
1.999524	0	0.3512816004258119	0	0	0
1.999524	0	0.3221359654559848	0	0	0
2.1240242	0	0.3221359654559848	0	0	0
2.1240242	0	0.30066023442558576	0	0	0
2.2478529	0	0.30066023442558576	0	0	0
2.2478529	0	0.27765052260730094	0	0	0
2.3709432	0	0.27765052260730094	0	0	0
2.3709432	0	0.2638446955163305	0	0	0
2.4950403	0	0.2638446955163305	0	0	0
2.4950403	0	0.2500388684253596	0	0	0
2.6200448	0	0.2500388684253596	0	0	0
2.6200448	0	0.23623304133438872	0	0	0
2.7426684	0	0.23623304133438872	0	0	0
2.7426684	0	0.2285631373949606	0	0	0
2.8670406	0	0.2285631373949606	0	0	0
2.8670406	0	0.21782527187976086	0	0	0
2.9909482	0	0.21782527187976086	0	0	0
2.9909482	0	0.2147573103039897	0	0	0
3.1156844	0	0.2147573103039897	0	0	0
3.1156844	0	0.20708740636456158	0	0	0
3.2394876	0	0.20708740636456158	0	0	0
3.2394876	0	0.20401944478879042	0	0	0
3.364587	0	0.20401944478879042	0	0	0
3.364587	0	0.2009514832130188	0	0	0
3.4883683	0	0.2009514832130188	0	0	0
3.4883683	0	0.19788352163724765	0	0	0
3.6121703	0	0.19788352163724765	0	0	0
3.6121703	0	0.19788352163724765	0	0	0
3.7356707	0	0.19788352163724765	0	0	0
3.7356707	0	0.19021361769781953	0	0	0
3.8599768	0	0.19021361769781953	0	0	0
3.8599768	0	0.18867963690993372	0	0	0
3.9825181	0	0.18867963690993372	0	0	0
3.9825181	0	0.18867963690993372	0	0	0
4.1070945	0	0.18867963690993372	0	0	0
4.1070945	0	0.18867963690993372	0	0	0
4.2316225	0	0.18867963690993372	0	0	0
4.2316225	0	0.18867963690993372	0	0	0
4.3549301	0	0.18867963690993372	0	0	0
4.3549301	0	0.18867963690993372	0	0	0
4.4786819	0	0.18867963690993372	0	0	0
4.4786819	0	0.18867963690993372	0	0	0
4.6010376	0	0.18867963690993372	0	0	0
4.6010376	0	0.18867963690993372	0	0	0
4.7259019	0	0.18867963690993372	0	0	0
4.7259019	0	0.18867963690993372	0	0	0
4.8506192	0	0.18867963690993372	0	0	0
4.8506192	0	0.18867963690993372	0	0	0
4.9762517	0	0.18867963690993372	0	0	0
4.9762517	0	0.18867963690993372	0	0	0
5.1016424	1	0.18867963690993372	0	1	0.035892691614449045
5.1016424	1	0.1932815792735907	0	1	0.035892691614449045
5.2252097	1	0.1932815792735907	0	1	0.04748234721539088
5.2252097	1	0.28838838812250067	0	1	0.04748234721539088
5.3487088	1	0.28838838812250067	0	1	0.27751891515938354
5.3487088	1	0.42491267824432244	0	1	0.27751891515938354
5.4737247	1	0.42491267824432244	0	1	0.576109426818642
5.4737247	1	0.5445631796994026	0	1	0.576109426818642
5.5969658	1	0.5445631796994026	0	1	0.8071440509443177
5.5969658	1	0.6657476619423681	0	1	0.8071440509443177
5.7206575	1	0.6657476619423681	0	1	1.0119551946251377
5.7206575	1	0.7900001057611052	0	1	1.0119551946251377
5.8426208	1	0.7900001057611052	0	1	1.1914552926845172
5.8426208	1	0.9127185687919566	0	1	1.1914552926845172
5.9649127	1	0.9127185687919566	0	1	1.3384314500486536
5.9649127	1	1.0354370318228074	0	1	1.3384314500486536
6.0897125	1	1.0354370318228074	0	1	1.455287965075481
6.0897125	1	1.1627574372173157	0	1	1.455287965075481
6.2139677	1	1.1627574372173157	0	1	1.5446915493235138
6.2139677	1	1.2885438618239382	0	1	1.5446915493235138
6.338818	1	1.2885438618239382	0	1	1.6011805787647422
6.338818	1	1.4173982480063323	0	1	1.6011805787647422
6.4633534	1	1.4173982480063323	0	1	1.6262358040406482
6.4633534	1	1.5447186534008406	0	1	1.6262358040406482
6.5874454	1	1.5447186534008406	0	1	1.6183764745097495
6.5874454	1	1.6735730395832347	0	1	1.6183764745097495
6.7125462	1	1.6735730395832347	0	1	1.5774132087375665
6.7125462	1	1.8054953873413995	0	1	1.5774132087375665
6.8379387	1	1.8054953873413995	-0.2606622825332189	1	1.5010723481315202
6.8379387	1	1.9328157927359078	-0.2606622825332189	1	1.5010723481315202
6.9623348	1	1.9328157927359078	-0.49439109401417786	1	1.3943876483754423
6.9623348	1	2.0309905631605893	-0.49439109401417786	1	1.3943876483754423
7.0868336	1	2.0309905631605893	-0.611313607121709	1	1.2899868102407848
7.0868336	1	2.0938837754639	-0.611313607121709	1	1.2899868102407848
7.2121173	1	2.0938837754639	-0.6702283497939898	1	1.212974940477793
7.2121173	1	2.1414371798883547	-0.6702283497939898	1	1.212974940477793
7.3349918	1	2.1414371798883547	-0.7089858714189206	1	1.1494943409512555
7.3349918	1	2.1843886419491527	-0.7089858714189206	1	1.1494943409512555
7.4597718	1	2.1843886419491527	-0.7406039110643334	1	1.0882697089107074
7.4597718	1	2.2227381616462942	-0.7406039110643334	1	1.0882697089107074
7.58443	1	2.2227381616462942	-0.7665696635926667	1	1.03048700527318
7.58443	1	2.2564857389797783	-0.7665696635926667	1	1.03048700527318
7.7086198	1	2.2564857389797783	-0.7879044216974664	1	0.9772051237145959
7.7086198	1	2.2886993355253766	-0.7879044216974664	1	0.9772051237145959
7.8329333	1	2.2886993355253766	-0.8071108673126438	1	0.9242202992202054
7.8329333	1	2.3163109897073184	-0.8071108673126438	1	0.9242202992202054
7.9578115	1	2.3163109897073184	-0.822770173177875	1	0.8771528612334335
7.9578115	1	2.3408546823134886	-0.822770173177875	1	0.8771528612334335
8.0828261	1	2.3408546823134886	-0.8361259796471638	1	0.8340350537791898
8.0828261	1	2.362330413343887	-0.8361259796471638	1	0.8340350537791898
8.2055487	1	2.362330413343887	-0.8474123201390521	1	0.7953186714925344
8.2055487	1	2.3853401251621724	-0.8474123201390521	1	0.7953186714925344
8.3281149	1	2.3853401251621724	-0.8591211326145207	1	0.7528132361082017
8.3281149	1	2.4037478946167994	-0.8591211326145207	1	0.7528132361082017
8.4516296	1	2.4037478946167994	-0.8682212453661087	1	0.7180464843540748
8.4516296	1	2.423689644859313	-0.8682212453661087	1	0.7180464843540748
8.5743826	1	2.423689644859313	-0.8778288166671608	1	0.679617746743381
8.5743826	1	2.4390294527381693	-0.8778288166671608	1	0.679617746743381
8.6978744	1	2.4390294527381693	-0.8850513474293508	1	0.6495159670272921
8.6978744	1	2.4559032414049113	-0.8850513474293508	1	0.6495159670272921
8.8206188	1	2.4559032414049113	-0.8928362380122268	1	0.6158604439192876
8.8206188	1	2.4697090684958827	-0.8928362380122268	1	0.6158604439192876
8.9443189	1	2.4697090684958827	-0.8990867257047741	1	0.5879005493605509
8.9443189	1	2.4804469340110815	-0.8990867257047741	1	0.5879005493605509
9.0671043	1	2.4804469340110815	-0.9038771673371274	1	0.5658904178333064
9.0671043	1	2.494252761102053	-0.9038771673371274	1	0.5658904178333064
9.1899409	1	2.494252761102053	-0.9099483134652363	1	0.5372528313219801
9.1899409	1	2.5065246074051375	-0.9099483134652363	1	0.5372528313219801
9.3158652	1	2.5065246074051375	-0.9152646795800875	1	0.511477177667636
9.3158652	1	2.520330434496109	-0.9152646795800875	1	0.511477177667636
9.4397044	1	2.520330434496109	-0.921158720200241	1	0.48211954345668345
9.4397044	1	2.5310683000113077	-0.921158720200241	1	0.48211954345668345
9.564961	1	2.5310683000113077	-0.9256815479844268	1	0.45902228108882676
9.564961	1	2.5402721847386216	-0.9256815479844268	1	0.45902228108882676
9.6885313	1	2.5402721847386216	-0.9295168030546622	1	0.43904108606016956
9.6885313	1	2.5479420886780497	-0.9295168030546622	1	0.43904108606016956
9.8123361	1	2.5479420886780497	-0.9326843534781725	1	0.4222606698647874
9.8123361	1	2.5571459734053636	-0.9326843534781725	1	0.4222606698647874
9.9356319	1	2.5571459734053636	-0.9364520249829609	1	0.4019688660245267
9.9356319	1	2.569417819708449	-0.9364520249829609	1	0.4019688660245267
10.0612143	1	2.569417819708449	-0.9414204023451197	1	0.3746495807003936
10.0612143	1	2.5770877236478773	-0.9414204023451197	1	0.3746495807003936
10.1852197	1	2.5770877236478773	-0.9444944397255051	1	0.35742207606406706
10.1852197	1	2.5847576275873054	-0.9444944397255051	1	0.35742207606406706
10.3094948	1	2.5847576275873054	-0.9475450623368153	1	0.34007691657486033
10.3094948	1	2.5908935507388478	-0.9475450623368153	1	0.34007691657486033
10.4311947	1	2.5908935507388478	-0.9499690191864052	1	0.32611607748942173
10.4311947	1	2.59702947389039	-0.9499690191864052	1	0.32611607748942173
10.5546243	1	2.59702947389039	-0.9523785283808178	1	0.3120799392981398
10.5546243	1	2.6031653970419333	-0.9523785283808178	1	0.3120799392981398
10.6789154	1	2.6031653970419333	-0.9547738205841657	1	0.29796850200101266
10.6789154	1	2.60776733940559	-0.9547738205841657	1	0.29796850200101266
10.8014986	1	2.60776733940559	-0.9565610958369838	1	0.28733550898995963
10.8014986	1	2.613903262557132	-0.9565610958369838	1	0.28733550898995963
10.9255094	1	2.613903262557132	-0.9589320487232694	1	0.2730922982576088
10.9255094	1	2.6185052049207895	-0.9589320487232694	1	0.2730922982576088
11.0495848	1	2.6185052049207895	-0.9607013217644929	1	0.2623604751701344
11.0495848	1	2.6261751088602177	-0.9607013217644929	1	0.2623604751701344
11.1739133	1	2.6261751088602177	-0.9636333451013751	1	0.2443799794753751
11.1739133	1	2.633845012799646	-0.9636333451013751	1	0.2443799794753751
11.2993384	1	2.633845012799646	-0.9665447651719895	1	0.2262818289277357
11.2993384	1	2.638446955163303	-0.9665447651719895	1	0.2262818289277357
11.4397222	1	2.638446955163303	-0.9682818936173581	1	0.21536646426976835
11.4397222	1	2.641514916739074	-0.9682818936173581	1	0.21536646426976835
11.5629925	1	2.641514916739074	-0.969435979917178	1	0.2080660235272162
11.5629925	1	2.6461168591027313	-0.969435979917178	1	0.2080660235272162
11.688014	1	2.6461168591027313	-0.9711611719293856	1	0.19708006595752078
11.688014	1	2.6476508398906162	-0.9711611719293856	1	0.19708006595752078
11.812538	1	2.6476508398906162	-0.9717346647864606	1	0.19340866771272736
11.812538	1	2.6522527822542736	-0.9717346647864606	1	0.19340866771272736
11.9347478	1	2.6522527822542736	-0.9734504720213826	1	0.18236623581364947
11.9347478	1	2.6553207438300452	-0.9734504720213826	1	0.18236623581364947
12.0589783	1	2.6553207438300452	-0.9745904804613142	1	0.1749810835770215
12.0589783	1	2.658388705405816	-0.9745904804613142	1	0.1749810835770215
12.181823	1	2.658388705405816	-0.975727425927609	1	0.16757710656393487
12.181823	1	2.6614566669815876	-0.975727425927609	1	0.16757710656393487
12.3067557	1	2.6614566669815876	-0.9768613316945411	1	0.16015430477438528
12.3067557	1	2.666058609345244	-0.9768613316945411	1	0.16015430477438528
12.4298013	1	2.666058609345244	-0.9785565412430072	1	0.14898480563419902
12.4298013	1	2.66759259013313	-0.9785565412430072	1	0.14898480563419902
12.5522438	1	2.66759259013313	-0.9791201160543392	1	0.1452522268659058
12.5522438	1	2.673728513284672	-0.9791201160543392	1	0.1452522268659058
12.6765391	1	2.673728513284672	-0.9813670150837999	1	0.13027484985158305
12.6765391	1	2.676796474860444	-0.9813670150837999	1	0.13027484985158305
12.8001476	1	2.676796474860444	-0.9824860633385846	1	0.12275792417972935
12.8001476	1	2.6798644364362154	-0.9824860633385846	1	0.12275792417972935
12.9239753	1	2.6798644364362154	-0.9836022067024922	1	0.11522217373141484
12.9239753	1	2.682932398011986	-0.9836022067024922	1	0.11522217373141484
13.0469452	1	2.682932398011986	-0.9847154668640512	1	0.10766759850664169
13.0469452	1	2.6860003595877577	-0.9847154668640512	1	0.10766759850664169
13.1709638	1	2.6860003595877577	-0.9858258652964188	1	0.10009419850540555
13.1709638	1	2.6921362827393	-0.9858258652964188	1	0.10009419850540555
13.2947254	1	2.6921362827393	-0.9880381618053061	1	0.08489092417355298
13.2947254	1	2.6967382251029575	-0.9880381618053061	1	0.08489092417355298
13.4192088	1	2.6967382251029575	-0.9896900287514582	1	0.07343905338645225
13.4192088	1	2.6967382251029575	-0.9896900287514582	1	0.07343905338645225
13.5429663	1	2.6967382251029575	-0.9896900287514582	1	0.07343905338645225
13.5429663	1	2.6967382251029575	-0.9896900287514582	1	0.07343905338645225
13.6671153	1	2.6967382251029575	-0.9896900287514582	1	0.07343905338645225
13.6671153	1	2.6967382251029575	-0.9896900287514582	1	0.07343905338645225
13.7925474	1	2.6967382251029575	-0.9896900287514582	1	0.07343905338645225
13.7925474	1	2.6967382251029575	-0.9896900287514582	1	0.07343905338645225
13.9168609	1	2.6967382251029575	-0.9896900287514582	1	0.07343905338645225
13.9168609	1	2.6967382251029575	-0.9896900287514582	1	0.07343905338645225
14.0399553	1	2.6967382251029575	-0.9896900287514582	1	0.07343905338645225
14.0399553	1	2.6967382251029575	-0.9896900287514582	1	0.07343905338645225
14.1644356	1	2.6967382251029575	-0.9896900287514582	1	0.07343905338645225
14.1644356	1	2.6967382251029575	-0.9896900287514582	1	0.07343905338645225
14.2889617	1	2.6967382251029575	-0.9896900287514582	1	0.07343905338645225
14.2889617	1	2.6967382251029575	-0.9896900287514582	1	0.07343905338645225
14.4122174	1	2.6967382251029575	-0.9896900287514582	1	0.07343905338645225
14.4122174	1	2.6967382251029575	-0.9896900287514582	1	0.07343905338645225
14.5519312	1	2.6967382251029575	-0.9896900287514582	1	0.07343905338645225
14.5519312	1	2.6967382251029575	-0.9896900287514582	1	0.07343905338645225
14.6743383	1	2.6967382251029575	-0.9896900287514582	1	0.07343905338645225
14.6743383	1	2.6967382251029575	-0.9896900287514582	1	0.07343905338645225
14.798861	1	2.6967382251029575	-0.9896900287514582	1	0.07343905338645225
14.798861	1	2.6967382251029575	-0.9896900287514582	1	0.07343905338645225
14.9231902	1	2.6967382251029575	-0.9896900287514582	1	0.07343905338645225
14.9231902	1	2.6967382251029575	-0.9896900287514582	1	0.07343905338645225
15.0469021	1	2.6967382251029575	-0.9896900287514582	1	0.07343905338645225
15.0469021	1	2.6967382251029575	-0.9896900287514582	1	0.07343905338645225
15.1708856	1	2.6967382251029575	-0.9896900287514582	1	0.07343905338645225
15.1708856	1	2.6967382251029575	-0.9896900287514582	1	0.07343905338645225
15.2938671	1	2.6967382251029575	-0.9896900287514582	1	0.07343905338645225
15.2938671	1	2.6967382251029575	-0.9896900287514582	1	0.07343905338645225
15.416938	1	2.6967382251029575	-0.9896900287514582	1	0.07343905338645225
15.416938	1	2.6967382251029575	-0.9896900287514582	1	0.07343905338645225
15.5417232	1	2.6967382251029575	-0.9896900287514582	1	0.07343905338645225
15.5417232	1	2.6967382251029575	-0.9896900287514582	1	0.07343905338645225
15.6672741	1	2.6967382251029575	-0.9896900287514582	1	0.07343905338645225
15.6672741	1	2.6967382251029575	-0.9896900287514582	1	0.07343905338645225
15.7929978	1	2.6967382251029575	-0.9896900287514582	1	0.07343905338645225
15.7929978	1	2.6967382251029575	-0.9896900287514582	1	0.07343905338645225
15.9166265	1	2.6967382251029575	-0.9896900287514582	1	0.07343905338645225
15.9166265	1	2.6967382251029575	-0.9896900287514582	1	0.07343905338645225
16.0380269	1	2.6967382251029575	-0.9896900287514582	1	0.07343905338645225
16.0380269	1	2.6967382251029575	-0.9896900287514582	1	0.07343905338645225
16.1612113	1	2.6967382251029575	-0.9896900287514582	1	0.07343905338645225
16.1612113	1	2.6967382251029575	-0.9896900287514582	1	0.07343905338645225
16.2848558	1	2.6967382251029575	-0.9896900287514582	1	0.07343905338645225
16.2848558	1	2.6967382251029575	-0.9896900287514582	1	0.07343905338645225
16.4087201	1	2.6967382251029575	-0.9896900287514582	1	0.07343905338645225
16.4087201	1	2.6967382251029575	-0.9896900287514582	1	0.07343905338645225
16.532506	1	2.6967382251029575	-0.9896900287514582	1	0.07343905338645225
16.532506	1	2.6967382251029575	-0.9896900287514582	1	0.07343905338645225
16.6574924	1	2.6967382251029575	-0.9896900287514582	1	0.07343905338645225
16.6574924	1	2.6967382251029575	-0.9896900287514582	1	0.07343905338645225
16.7800346	1	2.6967382251029575	-0.9896900287514582	1	0.07343905338645225
16.7800346	1	2.6967382251029575	-0.9896900287514582	1	0.07343905338645225
16.9029933	1	2.6967382251029575	-0.9896900287514582	1	0.07343905338645225
16.9029933	1	2.6967382251029575	-0.9896900287514582	1	0.07343905338645225
17.0272976	1	2.6967382251029575	-0.9896900287514582	1	0.07343905338645225
17.0272976	1	2.6967382251029575	-0.9896900287514582	1	0.07343905338645225
17.1520966	1	2.6967382251029575	-0.9896900287514582	1	0.07343905338645225
17.1520966	1	2.6967382251029575	-0.9896900287514582	1	0.07343905338645225
17.2749662	1	2.6967382251029575	-0.9896900287514582	1	0.07343905338645225
17.2749662	1	2.6967382251029575	-0.9896900287514582	1	0.07343905338645225
17.3997937	1	2.6967382251029575	-0.9896900287514582	1	0.07343905338645225
17.3997937	1	2.6967382251029575	-0.9896900287514582	1	0.07343905338645225
17.5213045	1	2.6967382251029575	-0.9896900287514582	1	0.07343905338645225
17.5213045	1	2.6967382251029575	-0.9896900287514582	1	0.07343905338645225
17.6461078	1	2.6967382251029575	-0.9896900287514582	1	0.07343905338645225
17.6461078	1	2.6967382251029575	-0.9896900287514582	1	0.07343905338645225
17.7697909	1	2.6967382251029575	-0.9896900287514582	1	0.07343905338645225
17.7697909	1	2.6967382251029575	-0.9896900287514582	1	0.07343905338645225
17.8934105	1	2.6967382251029575	-0.9896900287514582	1	0.07343905338645225
17.8934105	1	2.6967382251029575	-0.9896900287514582	1	0.07343905338645225
18.0196108	1	2.6967382251029575	-0.9896900287514582	1	0.07343905338645225
18.0196108	1	2.6967382251029575	-0.9896900287514582	1	0.07343905338645225
18.1443515	1	2.6967382251029575	-0.9896900287514582	1	0.07343905338645225
18.1443515	1	2.6967382251029575	-0.9896900287514582	1	0.07343905338645225
18.2676469	1	2.6967382251029575	-0.9896900287514582	1	0.07343905338645225
18.2676469	1	2.6967382251029575	-0.9896900287514582	1	0.07343905338645225
18.3940611	1	2.6967382251029575	-0.9896900287514582	1	0.07343905338645225
18.3940611	1	2.6967382251029575	-0.9896900287514582	1	0.07343905338645225
18.51765	1	2.6967382251029575	-0.9896900287514582	1	0.07343905338645225
18.51765	1	2.6967382251029575	-0.9896900287514582	1	0.07343905338645225
18.6409989	1	2.6967382251029575	-0.9896900287514582	1	0.07343905338645225
18.6409989	1	2.6967382251029575	-0.9896900287514582	1	0.07343905338645225
18.7649055	1	2.6967382251029575	-0.9896900287514582	1	0.07343905338645225
18.7649055	1	2.6967382251029575	-0.9896900287514582	1	0.07343905338645225
18.8888702	1	2.6967382251029575	-0.9896900287514582	1	0.07343905338645225
18.8888702	1	2.6967382251029575	-0.9896900287514582	1	0.07343905338645225
19.0132859	1	2.6967382251029575	-0.9896900287514582	1	0.07343905338645225
19.0132859	1	2.6967382251029575	-0.9896900287514582	1	0.07343905338645225
19.1368059	1	2.6967382251029575	-0.9896900287514582	1	0.07343905338645225
19.1368059	1	2.6967382251029575	-0.9896900287514582	1	0.07343905338645225
19.2597161	1	2.6967382251029575	-0.9896900287514582	1	0.07343905338645225
19.2597161	1	2.6967382251029575	-0.9896900287514582	1	0.07343905338645225
19.3998388	1	2.6967382251029575	-0.9896900287514582	1	0.07343905338645225
19.3998388	1	2.6967382251029575	-0.9896900287514582	1	0.07343905338645225
19.3998388	1	2.6967382251029575	-0.9896900287514582	1	0.07343905338645225
19.5258666	1	2.6967382251029575	-0.9896900287514582	1	0.07343905338645225
19.5258666	1	2.6967382251029575	-0.9896900287514582	1	0.07343905338645225
19.6503055	1	2.6967382251029575	-0.9896900287514582	1	0.07343905338645225
19.6503055	1	2.6967382251029575	-0.9896900287514582	1	0.07343905338645225
19.7901898	1	2.6967382251029575	-0.9896900287514582	1	0.07343905338645225
19.7901898	1	2.6967382251029575	-0.9896900287514582	1	0.07343905338645225
19.9132389	1	2.6967382251029575	-0.9896900287514582	1	0.07343905338645225
19.9132389	1	2.6967382251029575	-0.9896900287514582	1	0.07343905338645225
