time	mode	theta	u	uh	h
0	0	0	0	0	0
0	0	2.7304858024364416	0	0	0
0.1090847	0	2.7304858024364416	0	0	0
0.1090847	0	2.7304858024364416	0	0	0
0.232064	0	2.7304858024364416	0	0	0
0.232064	0	2.7289518216485558	0	0	0
0.3561218	0	2.7289518216485558	0	0	0
0.3561218	0	2.72741784086067	0	0	0
0.4829761	0	2.72741784086067	0	0	0
0.4829761	0	2.72741784086067	0	0	0
0.6088056	0	2.72741784086067	0	0	0
0.6088056	0	2.725883860072784	0	0	0
0.7325499	0	2.725883860072784	0	0	0
0.7325499	0	2.7243498792848984	0	0	0
0.7325499	0	2.7243498792848984	0	0	0
0.8549605	0	2.7243498792848984	0	0	0
0.8549605	0	2.7243498792848984	0	0	0
0.9766198	0	2.7243498792848984	0	0	0
0.9766198	0	2.719747936921242	0	0	0
1.0999157	0	2.719747936921242	0	0	0
1.0999157	0	2.623107147284446	0	0	0
1.2240317	0	2.623107147284446	0	0	0
1.2240317	0	2.589359569950962	0	0	0
1.3466727	0	2.589359569950962	0	0	0
1.4692748	0	2.6016314162540475	0	0	0
1.4692748	0	2.6016314162540475	0	0	0
1.5943308	0	2.6016314162540475	0	0	0
1.5943308	0	2.6016314162540475	0	0	0
1.5943308	0	2.6031653970419333	0	0	0
1.7191015	0	2.6031653970419333	0	0	0
1.7191015	0	2.6031653970419333	0	0	0
1.8425489	0	2.6031653970419333	0	0	0
1.9672111	0	2.6031653970419333	0	0	0
1.9672111	0	2.6031653970419333	0	0	0
2.0919111	0	2.6031653970419333	0	0	0
2.0919111	0	2.6031653970419333	0	0	0
2.2165872	0	2.6031653970419333	0	0	0
2.2165872	0	2.6031653970419333	0	0	0
2.2165872	0	2.604699377829819	0	0	0
2.3405463	0	2.604699377829819	0	0	0
2.3405463	0	2.6031653970419333	0	0	0
2.4646753	0	2.6031653970419333	0	0	0
2.4646753	0	2.6031653970419333	0	0	0
2.5880447	0	2.6031653970419333	0	0	0
2.5880447	0	2.604699377829819	0	0	0
2.7139291	0	2.604699377829819	0	0	0
2.7139291	0	2.604699377829819	0	0	0
2.8383306	0	2.604699377829819	0	0	0
2.8383306	0	2.6031653970419333	0	0	0
2.9626581	0	2.6031653970419333	0	0	0
2.9626581	0	2.604699377829819	0	0	0
3.0878806	0	2.604699377829819	0	0	0
3.0878806	0	2.6031653970419333	0	0	0
3.2127062	0	2.6031653970419333	0	0	0
3.2127062	0	2.6031653970419333	0	0	0
3.3359946	0	2.6031653970419333	0	0	0
3.3359946	0	2.604699377829819	0	0	0
3.4591655	0	2.604699377829819	0	0	0
3.4591655	0	2.6031653970419333	0	0	0
3.5827832	0	2.6031653970419333	0	0	0
3.5827832	0	2.604699377829819	0	0	0
3.7067239	0	2.604699377829819	0	0	0
3.7067239	0	2.604699377829819	0	0	0
3.8307887	0	2.604699377829819	0	0	0
3.8307887	0	2.604699377829819	0	0	0
3.953095	0	2.604699377829819	0	0	0
3.953095	0	2.6031653970419333	0	0	0
4.0763771	0	2.6031653970419333	0	0	0
4.2010368	0	2.6031653970419333	0	0	0
4.2010368	0	2.6031653970419333	0	0	0
4.3244322	0	2.604699377829819	0	0	0
4.3244322	0	2.604699377829819	0	0	0
4.3244322	0	2.604699377829819	0	0	0
4.4480209	0	2.604699377829819	0	0	0
4.571458	0	2.604699377829819	0	0	0
4.571458	0	2.604699377829819	0	0	0
4.6961709	0	2.604699377829819	0	0	0
4.6961709	0	2.604699377829819	0	0	0
4.8202719	1	2.604699377829819	0	0	0
4.8202719	1	2.604699377829819	0	0	0.29442887719144284
4.9441126	1	2.6031653970419333	0	0	0.29442887719144284
4.9441126	1	2.6031653970419333	0	0	0.29796850200101266
4.9441126	1	2.604699377829819	0	0	0.29796850200101266
5.0676494	1	2.604699377829819	0	0	0.29442887719144284
5.1915113	1	2.6031653970419333	0	0	0.29442887719144284
5.1915113	1	2.6031653970419333	0	0	0.29796850200101266
5.1915113	1	2.604699377829819	0	0	0.29796850200101266
5.3162505	1	2.604699377829819	0	0	0.29442887719144284
5.3162505	1	2.604699377829819	0	0	0.29442887719144284
5.4564565	1	2.604699377829819	0	0	0.29442887719144284
5.4564565	1	2.604699377829819	0	0	0.29442887719144284
5.5796979	1	2.604699377829819	0	0	0.29442887719144284
5.5796979	1	2.6031653970419333	0	0	0.29442887719144284
5.7049792	1	2.6031653970419333	0	-1	0.29796850200101266
5.7049792	1	2.59702947389039	0	-1	0.29796850200101266
5.8279176	1	2.59702947389039	0	-1	0.3120799392981398
5.8279176	1	2.4697090684958827	0	-1	0.3120799392981398
5.952466	1	2.4697090684958827	0	-1	0.5879005493605509
5.952466	1	2.3224469128588607	0	-1	0.5879005493605509
6.0747593	1	2.3224469128588607	0	-1	0.8664863580286378
6.0747593	1	2.19972844982801	0	-1	0.8664863580286378
6.2000163	1	2.19972844982801	0	-1	1.065509592014336
6.2000163	1	2.0724080444335016	0	-1	1.065509592014336
6.3239041	1	2.0724080444335016	0	-1	1.2401611471821976
6.3239041	1	1.9420196774632217	0	-1	1.2401611471821976
6.4482061	1	1.9420196774632217	0	-1	1.3854189475763636
6.4482061	1	1.8131652912808276	0	-1	1.3854189475763636
6.5725956	1	1.8131652912808276	0	-1	1.4955632668420529
6.5725956	1	1.6843109050984344	0	-1	1.4955632668420529
6.6969125	1	1.6843109050984344	0	-1	1.5725006804308586
6.6969125	1	1.5600584612796968	0	-1	1.5725006804308586
6.8194118	1	1.5600584612796968	0	-1	1.615241187073782
6.8194118	1	1.4342720366730743	0	-1	1.615241187073782
6.9447395	1	1.4342720366730743	0	-1	1.627057859020632
6.9447395	1	1.3100195928543377	0	-1	1.627057859020632
7.0684734	1	1.3100195928543377	0	-1	1.60766248476051
7.0684734	1	1.1826991874598294	0	-1	1.60766248476051
7.1930098	1	1.1826991874598294	0.14712032795564733	-1	1.5557578552224267
7.1930098	1	1.0584467436410927	0.14712032795564733	-1	1.5557578552224267
7.3166913	1	1.0584467436410927	0.4362284456048801	-1	1.4738453983359285
7.3166913	1	0.952602069276983	0.4362284456048801	-1	1.4738453983359285
7.4402755	1	0.952602069276983	0.5733831403510753	-1	1.379713565701246
7.4402755	1	0.8958447801252145	0.5733831403510753	-1	1.379713565701246
7.5641218	1	0.8958447801252145	0.6270930031905937	-1	1.320008229077805
7.5641218	1	0.8406214717613314	0.6270930031905937	-1	1.320008229077805
7.6893269	1	0.8406214717613314	0.6708825477950691	-1	1.2557326111335645
7.6893269	1	0.7976700097005334	0.6708825477950691	-1	1.2557326111335645
7.8137175	1	0.7976700097005334	0.7005799192468114	-1	1.2015237139163766
7.8137175	1	0.7562525284276211	0.7005799192468114	-1	1.2015237139163766
7.9375766	1	0.7562525284276211	0.7263656865864753	-1	1.1457564996121203
7.9375766	1	0.7209709703062512	0.7263656865864753	-1	1.1457564996121203
8.0619617	1	0.7209709703062512	0.7465129550600207	-1	1.0955450332181775
8.0619617	1	0.6887573737606529	0.7465129550600207	-1	1.0955450332181775
8.185659	1	0.6887573737606529	0.7636786224060261	-1	1.0475255196120494
8.185659	1	0.6550097964271688	0.7636786224060261	-1	1.0475255196120494
8.3107582	1	0.6550097964271688	0.7805869948730145	-1	0.9949933326843754
8.3107582	1	0.627398142245227	0.7805869948730145	-1	0.9949933326843754
8.4347653	1	0.627398142245227	0.7937151439161491	-1	0.9503182225893501
8.4347653	1	0.5997864880632857	0.7937151439161491	-1	0.9503182225893501
8.5588107	1	0.5997864880632857	0.8062926589304643	-1	0.9041183056009992
8.5588107	1	0.5752427954571155	0.8062926589304643	-1	0.9041183056009992
8.6829783	1	0.5752427954571155	0.8170680798958011	-1	0.8617716279231291
8.6829783	1	0.5522330836388307	0.8170680798958011	-1	0.8617716279231291
8.8058501	1	0.5522330836388307	0.8268672179915617	-1	0.8209774274683406
8.8058501	1	0.5276893910326605	0.8268672179915617	-1	0.8209774274683406
8.9290357	1	0.5276893910326605	0.8370381156467525	-1	0.7762964775093292
8.9290357	1	0.5077476407901473	0.8370381156467525	-1	0.7762964775093292
9.0536735	1	0.5077476407901473	0.8451163978144054	-1	0.7391060880769165
9.0536735	1	0.4862719097597483	0.8451163978144054	-1	0.7391060880769165
9.1763633	1	0.4862719097597483	0.8536572925603936	-1	0.6981654287696212
9.1763633	1	0.46939812109300627	0.8536572925603936	-1	0.6981654287696212
9.3000826	1	0.46939812109300627	0.8602699737848509	-1	0.6653506661944771
9.3000826	1	0.4509903516383784	0.8602699737848509	-1	0.6653506661944771
9.4233232	1	0.4509903516383784	0.8674028088980957	-1	0.6289032885973306
9.4233232	1	0.43565054375952217	0.8674028088980957	-1	0.6289032885973306
9.5475353	1	0.43565054375952217	0.8732950309936598	-1	0.5980127925803699
9.5475353	1	0.41570879351700896	0.8732950309936598	-1	0.5980127925803699
9.6722719	1	0.41570879351700896	0.8809038428209688	-1	0.5571515717380977
9.6722719	1	0.4034369472139234	0.8809038428209688	-1	0.5571515717380977
9.7975741	1	0.4034369472139234	0.8855677491780162	-1	0.5316108847602521
9.7975741	1	0.3865631585471814	0.8855677491780162	-1	0.5316108847602521
9.9218036	1	0.3865631585471814	0.8919719741485165	-1	0.4960006428806766
9.9218036	1	0.3727573314562109	0.8919719741485165	-1	0.4960006428806766
10.0466815	1	0.3727573314562109	0.8972162309879469	-1	0.4664414329633835
10.0466815	1	0.3558835427894689	0.8972162309879469	-1	0.4664414329633835
10.1715093	1	0.3558835427894689	0.9036493193668947	-1	0.429795828378463
10.1715093	1	0.34514567727426915	0.9036493193668947	-1	0.429795828378463
10.2945956	1	0.34514567727426915	0.9077667545439483	-1	0.4061794079588006
10.2945956	1	0.3359417925469552	0.9077667545439483	-1	0.4061794079588006
10.4189804	1	0.3359417925469552	0.9113170252922063	-1	0.3857532203143116
10.4189804	1	0.32060198466809897	0.9113170252922063	-1	0.3857532203143116
10.543481	1	0.32060198466809897	0.9172919406617606	-1	0.35133307871094754
10.543481	1	0.31139809994078504	0.9172919406617606	-1	0.35133307871094754
10.6676954	1	0.31139809994078504	0.9209212861101236	-1	0.33045509643139886
10.6676954	1	0.3037281960013569	0.9209212861101236	-1	0.33045509643139886
10.7917904	1	0.3037281960013569	0.9239773447188452	-1	0.31292735752694056
10.7917904	1	0.294524311274043	0.9239773447188452	-1	0.31292735752694056
10.9154917	1	0.294524311274043	0.927689596811419	-1	0.2917387664357884
10.9154917	1	0.2837864457588437	0.927689596811419	-1	0.2917387664357884
11.0393472	1	0.2837864457588437	0.9320946962695696	-1	0.26680461166386976
11.0393472	1	0.2761165418194156	0.9320946962695696	-1	0.26680461166386976
11.1638405	1	0.2761165418194156	0.9352995457983762	-1	0.24885331528904306
11.1638405	1	0.268446637879987	0.9352995457983762	-1	0.24885331528904306
11.2893278	1	0.268446637879987	0.9385619803822487	-1	0.23078436406133515
11.2893278	1	0.25770877236478773	0.9385619803822487	-1	0.23078436406133515
11.4139862	1	0.25770877236478773	0.94324476727623	-1	0.20529017218970722
11.4139862	1	0.2485048876374738	0.94324476727623	-1	0.20529017218970722
11.5375295	1	0.2485048876374738	0.9473887481446073	-1	0.18325446615781824
11.5375295	1	0.24390294527381684	0.9473887481446073	-1	0.18325446615781824
11.6619997	1	0.24390294527381684	0.9495146858968835	-1	0.1721730795213185
11.6619997	1	0.23776702212227452	0.9495146858968835	-1	0.1721730795213185
11.78743	1	0.23776702212227452	0.9524147137726174	-1	0.15733201062170668
11.78743	1	0.23316507975861755	0.9524147137726174	-1	0.15733201062170668
11.9126887	1	0.23316507975861755	0.9546455804168096	-1	0.14615179390878766
11.9126887	1	0.22549517581918943	0.9546455804168096	-1	0.14615179390878766
12.0378269	1	0.22549517581918943	0.9584893617122422	-1	0.12742397550495219
12.0378269	1	0.22089323345553247	0.9584893617122422	-1	0.12742397550495219
12.1613373	1	0.22089323345553247	0.9608845489100888	-1	0.11613081013326823
12.1613373	1	0.2147573103039897	0.9608845489100888	-1	0.11613081013326823
12.2849912	1	0.2147573103039897	0.9642044232540045	-1	0.10100736958674307
12.2849912	1	0.20708740636456158	0.9642044232540045	-1	0.10100736958674307
12.4076322	1	0.20708740636456158	0.9686087217281907	-1	0.08199717953599535
12.4076322	1	0.20862138715244738	0.9686087217281907	-1	0.08199717953599535
12.5321932	1	0.20862138715244738	0.9677013419301814	-1	0.08580862993437574
12.5321932	1	0.2024854640009046	0.9677013419301814	-1	0.08580862993437574
12.6576981	1	0.2024854640009046	0.9714263205562976	-1	0.07053459117616404
12.6576981	1	0.2009514832130188	0.9714263205562976	-1	0.07053459117616404
12.7835834	1	0.2009514832130188	0.9724016176596455	-1	0.06670431600132282
12.7835834	1	0.19788352163724765	0.9724016176596455	-1	0.06670431600132282
12.9061663	1	0.19788352163724765	0.9744160192248279	-1	0.05902964706929588
12.9061663	1	0.1963495408493623	0.9744160192248279	-1	0.05902964706929588
13.0313231	1	0.1963495408493623	0.9754592301983637	-1	0.05518525331211016
13.0313231	1	0.1932815792735907	0.9754592301983637	-1	0.05518525331211016
13.1563202	1	0.1932815792735907	0.9776307042035892	-1	0.04748234721539088
13.1563202	1	0.18714565612204836	0.9776307042035892	-1	0.04748234721539088
13.2813687	1	0.18714565612204836	0.9824259709702483	-1	0.03202006069257211
13.2813687	1	0.18714565612204836	0.9824259709702483	-1	0.03202006069257211
13.4054784	1	0.18714565612204836	0.9824259709702483	-1	0.03202006069257211
13.4054784	1	0.1810097329705056	0.9824259709702483	-1	0.03202006069257211
13.5314204	1	0.1810097329705056	0.9882584130267879	-1	0.016482475063908934
13.5314204	1	0.17794177139473444	0.9882584130267879	-1	0.016482475063908934
13.6553674	1	0.17794177139473444	0.0037664151268839547	-0.011741586973212148	0.008685445084886684
13.6553674	1	0.17794177139473444	0.0037664151268839547	-0.011741586973212148	0.008685445084886684
13.7794495	1	0.17794177139473444	0.9920248281536718	-1	0.008685445084886684
13.7794495	1	0.17794177139473444	0.9920248281536718	-1	0.008685445084886684
13.9053682	1	0.17794177139473444	0.9920248281536718	-1	0.008685445084886684
13.9053682	1	0.1794757521826198	0.9920248281536718	-1	0.008685445084886684
14.0291299	1	0.1794757521826198	0.9900246561091505	-1	0.012586313171454847
14.0291299	1	0.17794177139473444	0.9900246561091505	-1	0.012586313171454847
14.1530532	1	0.17794177139473444	0.9920248281536718	-1	0.008685445084886684
14.1530532	1	0.17794177139473444	0.9920248281536718	-1	0.008685445084886684
14.2783486	1	0.17794177139473444	0.9920248281536718	-1	0.008685445084886684
14.2783486	1	0.17794177139473444	0.9920248281536718	-1	0.008685445084886684
14.4020267	1	0.17794177139473444	0.9920248281536718	-1	0.008685445084886684
14.4020267	1	0.17794177139473444	0.9920248281536718	-1	0.008685445084886684
14.524071	1	0.17794177139473444	0.9920248281536718	-1	0.008685445084886684
14.524071	1	0.17794177139473444	0.9920248281536718	-1	0.008685445084886684
14.6491845	1	0.17794177139473444	0.9920248281536718	-1	0.008685445084886684
14.6491845	1	0.17794177139473444	0.9920248281536718	-1	0.008685445084886684
14.7742939	1	0.17794177139473444	0.9920248281536718	-1	0.008685445084886684
14.7742939	1	0.17794177139473444	0.9920248281536718	-1	0.008685445084886684
14.8974294	1	0.17794177139473444	0.9920248281536718	-1	0.008685445084886684
14.8974294	1	0.17794177139473444	0.9920248281536718	-1	0.008685445084886684
15.0219557	1	0.17794177139473444	0.9920248281536718	-1	0.008685445084886684
15.0219557	1	0.17794177139473444	0.9920248281536718	-1	0.008685445084886684
15.147122	1	0.17794177139473444	0.9920248281536718	-1	0.008685445084886684
15.147122	1	0.17794177139473444	0.9920248281536718	-1	0.008685445084886684
15.2709934	1	0.17794177139473444	0.9920248281536718	-1	0.008685445084886684
15.2709934	1	0.17794177139473444	0.9920248281536718	-1	0.008685445084886684
15.3951334	1	0.17794177139473444	0.9920248281536718	-1	0.008685445084886684
15.3951334	1	0.17794177139473444	0.9920248281536718	-1	0.008685445084886684
15.5187039	1	0.17794177139473444	0.9920248281536718	-1	0.008685445084886684
15.5187039	1	0.17794177139473444	0.9920248281536718	-1	0.008685445084886684
15.64394	1	0.17794177139473444	0.9920248281536718	-1	0.008685445084886684
15.64394	1	0.17794177139473444	0.9920248281536718	-1	0.008685445084886684
15.767643	1	0.17794177139473444	0.9920248281536718	-1	0.008685445084886684
15.767643	1	0.17794177139473444	0.9920248281536718	-1	0.008685445084886684
15.8911273	1	0.17794177139473444	0.9920248281536718	-1	0.008685445084886684
15.8911273	1	0.17794177139473444	0.9920248281536718	-1	0.008685445084886684
16.0148771	1	0.17794177139473444	0.9920248281536718	-1	0.008685445084886684
16.0148771	1	0.17794177139473444	0.9920248281536718	-1	0.008685445084886684
16.1389083	1	0.17794177139473444	0.9920248281536718	-1	0.008685445084886684
16.1389083	1	0.17794177139473444	0.9920248281536718	-1	0.008685445084886684
16.2626982	1	0.17794177139473444	0.9920248281536718	-1	0.008685445084886684
16.2626982	1	0.17794177139473444	0.9920248281536718	-1	0.008685445084886684
16.3859895	1	0.17794177139473444	0.9920248281536718	-1	0.008685445084886684
16.3859895	1	0.17794177139473444	0.9920248281536718	-1	0.008685445084886684
16.5095433	1	0.17794177139473444	0.9920248281536718	-1	0.008685445084886684
16.5095433	1	0.17794177139473444	0.9920248281536718	-1	0.008685445084886684
16.6338672	1	0.17794177139473444	0.9920248281536718	-1	0.008685445084886684
16.6338672	1	0.17794177139473444	0.9920248281536718	-1	0.008685445084886684
16.7560552	1	0.17794177139473444	0.9920248281536718	-1	0.008685445084886684
16.7560552	1	0.17794177139473444	0.9920248281536718	-1	0.008685445084886684
16.8803155	1	0.17794177139473444	0.9920248281536718	-1	0.008685445084886684
16.8803155	1	0.17794177139473444	0.9920248281536718	-1	0.008685445084886684
17.0043946	1	0.17794177139473444	0.9920248281536718	-1	0.008685445084886684
17.0043946	1	0.17794177139473444	0.9920248281536718	-1	0.008685445084886684
17.1274273	1	0.17794177139473444	0.9920248281536718	-1	0.008685445084886684
17.1274273	1	0.17794177139473444	0.9920248281536718	-1	0.008685445084886684
17.2509305	1	0.17794177139473444	0.9920248281536718	-1	0.008685445084886684
17.2509305	1	0.1794757521826198	0.9920248281536718	-1	0.008685445084886684
17.3759331	1	0.1794757521826198	0.9900246561091505	-1	0.012586313171454847
17.3759331	1	0.17794177139473444	0.9900246561091505	-1	0.012586313171454847
17.4986578	1	0.17794177139473444	0.9920248281536718	-1	0.008685445084886684
17.4986578	1	0.17794177139473444	0.9920248281536718	-1	0.008685445084886684
17.6226406	1	0.17794177139473444	0.9920248281536718	-1	0.008685445084886684
17.6226406	1	0.17794177139473444	0.9920248281536718	-1	0.008685445084886684
17.7466601	1	0.17794177139473444	0.9920248281536718	-1	0.008685445084886684
17.7466601	1	0.17794177139473444	0.9920248281536718	-1	0.008685445084886684
17.8708171	1	0.17794177139473444	0.9920248281536718	-1	0.008685445084886684
17.8708171	1	0.17794177139473444	0.9920248281536718	-1	0.008685445084886684
17.9927038	1	0.17794177139473444	0.9920248281536718	-1	0.008685445084886684
17.9927038	1	0.17794177139473444	0.9920248281536718	-1	0.008685445084886684
18.1173337	1	0.17794177139473444	0.9920248281536718	-1	0.008685445084886684
18.1173337	1	0.17794177139473444	0.9920248281536718	-1	0.008685445084886684
18.2412541	1	0.17794177139473444	0.9920248281536718	-1	0.008685445084886684
18.2412541	1	0.17794177139473444	0.9920248281536718	-1	0.008685445084886684
18.3652171	1	0.17794177139473444	0.9920248281536718	-1	0.008685445084886684
18.3652171	1	0.1794757521826198	0.9920248281536718	-1	0.008685445084886684
18.4872466	1	0.1794757521826198	0.9900246561091505	-1	0.012586313171454847
18.4872466	1	0.17794177139473444	0.9900246561091505	-1	0.012586313171454847
18.6104866	1	0.17794177139473444	0.9920248281536718	-1	0.008685445084886684
18.6104866	1	0.17794177139473444	0.9920248281536718	-1	0.008685445084886684
18.7335835	1	0.17794177139473444	0.9920248281536718	-1	0.008685445084886684
18.7335835	1	0.17794177139473444	0.9920248281536718	-1	0.008685445084886684
18.8576223	1	0.17794177139473444	0.9920248281536718	-1	0.008685445084886684
18.8576223	1	0.17794177139473444	0.9920248281536718	-1	0.008685445084886684
18.9802257	1	0.17794177139473444	0.9920248281536718	-1	0.008685445084886684
18.9802257	1	0.17794177139473444	0.9920248281536718	-1	0.008685445084886684
19.1044548	1	0.17794177139473444	0.9920248281536718	-1	0.008685445084886684
19.1044548	1	0.17794177139473444	0.9920248281536718	-1	0.008685445084886684
19.2271323	1	0.17794177139473444	0.9920248281536718	-1	0.008685445084886684
19.2271323	1	0.17794177139473444	0.9920248281536718	-1	0.008685445084886684
19.3511383	1	0.17794177139473444	0.9920248281536718	-1	0.008685445084886684
19.3511383	1	0.17794177139473444	0.9920248281536718	-1	0.008685445084886684
19.4772751	1	0.17794177139473444	0	0	0.008685445084886684
19.4772751	1	0.17794177139473444	0	0	0.008685445084886684
19.601703	1	0.17794177139473444	0	0	0.008685445084886684
19.601703	1	0.17794177139473444	0	0	0.008685445084886684
19.7260287	1	0.17794177139473444	0	0	0.008685445084886684
19.7260287	1	0.17794177139473444	0	0	0.008685445084886684
19.8489843	1	0.17794177139473444	0	0	0.008685445084886684
19.8489843	1	0.17794177139473444	0	0	0.008685445084886684
19.9728212	1	0.17794177139473444	0	0	0.008685445084886684
19.9728212	1	0.17794177139473444	0	0	0.008685445084886684
20.0957923	1	0.17794177139473444	0	0	0.008685445084886684
20.0957923	1	0.17794177139473444	0	0	0.008685445084886684
20.2196408	1	0.17794177139473444	0	0	0.008685445084886684
20.2196408	1	0.17794177139473444	0	0	0.008685445084886684
20.3439965	1	0.17794177139473444	0	0	0.008685445084886684
20.3439965	1	0.17794177139473444	0	0	0.008685445084886684
20.4687003	1	0.17794177139473444	0	0	0.008685445084886684
20.4687003	1	0.17794177139473444	0	0	0.008685445084886684
20.5911665	1	0.17794177139473444	0	1	0.008685445084886684
20.5911665	1	0.18407769454627676	0	1	0.008685445084886684
20.7157929	1	0.18407769454627676	0	1	0.024260680266470366
20.7157929	1	0.27918450339518674	0	1	0.024260680266470366
20.8550972	1	0.27918450339518674	0	1	0.25604795242131917
20.8550972	1	0.432582582183751	0	1	0.25604795242131917
20.9788473	1	0.432582582183751	0	1	0.5917782190475954
20.9788473	1	0.5506991028509454	0	1	0.5917782190475954
21.1021152	1	0.5506991028509454	0	1	0.8182201645517668
21.1021152	1	0.6734175658817967	0	1	0.8182201645517668
21.2259246	1	0.6734175658817967	0	1	1.0239296244736555
21.2259246	1	0.7961360289126476	0	1	1.0239296244736555
21.3509501	1	0.7961360289126476	0	1	1.199519442058235
21.3509501	1	0.9234564343071563	0	1	1.199519442058235
21.4746149	1	0.9234564343071563	0	1	1.3498588277099361
21.4746149	1	1.047708878125893	0	1	1.3498588277099361
21.5995786	1	1.047708878125893	0	1	1.4653170362496122
21.5995786	1	1.1734953027325155	0	1	1.4653170362496122
21.7229973	1	1.1734953027325155	0	1	1.5507491594993479
21.7229973	1	1.3008157081270237	0	1	1.5507491594993479
21.8472564	1	1.3008157081270237	0	1	1.6049974737068031
21.8472564	1	1.4266021327336462	0	1	1.6049974737068031
21.9711757	1	1.4266021327336462	0	1	1.626754790577822
21.9711757	1	1.5539225381281545	0	1	1.626754790577822
22.093869	1	1.5539225381281545	0	1	1.6165517763775514
22.093869	1	1.6812429435226628	0	1	1.6165517763775514
22.2181267	1	1.6812429435226628	-0.00568249372341669	1	1.573927790917637
22.2181267	1	1.808563348917171	-0.00568249372341669	1	1.573927790917637
22.3413096	1	1.808563348917171	-0.3774590930618476	1	1.4988828341980787
22.3413096	1	1.9328157927359078	-0.3774590930618476	1	1.4988828341980787
22.4661596	1	1.9328157927359078	-0.5573491481448202	1	1.3943876483754423
22.4661596	1	2.015650755281732	-0.5573491481448202	1	1.3943876483754423
22.5893643	1	2.015650755281732	-0.6364888795447244	1	1.307570113610431
22.5893643	1	2.067806102069844	-0.6364888795447244	1	1.307570113610431
22.7121223	1	2.067806102069844	-0.6767003289910956	1	1.245866754954633
22.7121223	1	2.112291544918528	-0.6767003289910956	1	1.245866754954633
22.8378373	1	2.112291544918528	-0.70676776290775	1	1.1889383113063308
22.8378373	1	2.1537090261914402	-0.70676776290775	1	1.1889383113063308
22.9615176	1	2.1537090261914402	-0.7319846976454861	1	1.132378084468886
22.9615176	1	2.190524565100696	-0.7319846976454861	1	1.132378084468886
23.0854587	1	2.190524565100696	-0.752554864819511	1	1.0792221364815409
23.0854587	1	2.22427214243418	-0.752554864819511	1	1.0792221364815409
23.2090253	1	2.22427214243418	-0.7701321777889228	1	1.028114516604181
23.2090253	1	2.2564857389797783	-0.7701321777889228	1	1.028114516604181
23.3341611	1	2.2564857389797783	-0.7859391131245244	1	0.9772051237145959
23.3341611	1	2.2886993355253766	-0.7859391131245244	1	0.9772051237145959
23.459167	1	2.2886993355253766	-0.800933784916787	1	0.9242202992202054
23.459167	1	2.3147770089194326	-0.800933784916787	1	0.9242202992202054
23.5810093	1	2.3147770089194326	-0.8125592334154057	1	0.8798077215493447
23.5810093	1	2.339320701525603	-0.8125592334154057	1	0.8798077215493447
23.7034639	1	2.339320701525603	-0.8231371565568335	1	0.8367652132009444
23.7034639	1	2.363864394131773	-0.8231371565568335	1	0.8367652132009444
23.8271399	1	2.363864394131773	-0.8334080597551992	1	0.7925179191590518
23.8271399	1	2.3868741059500573	-0.8334080597551992	1	0.7925179191590518
23.9514644	1	2.3868741059500573	-0.8427960857707051	1	0.7499418908629927
23.9514644	1	2.4098838177683426	-0.8427960857707051	1	0.7499418908629927
24.0741281	1	2.4098838177683426	-0.8519858312050351	1	0.7063069688910109
24.0741281	1	2.431359548798741	-0.8519858312050351	1	0.7063069688910109
24.1973122	1	2.431359548798741	-0.8604139352217943	1	0.6646256843117766
24.1973122	1	2.449767318253369	-0.8604139352217943	1	0.6646256843117766
24.3213402	1	2.449767318253369	-0.8675452479231915	1	0.6281647026761744
24.3213402	1	2.4697090684958827	-0.8675452479231915	1	0.6281647026761744
24.4456615	1	2.4697090684958827	-0.8751965038856253	1	0.5879005493605509
24.4456615	1	2.4896508187383954	-0.8751965038856253	1	0.5879005493605509
24.5688918	1	2.4896508187383954	-0.8827944188914028	1	0.5468410492394596
24.5688918	1	2.501922665041481	-0.8827944188914028	1	0.5468410492394596
24.6942493	1	2.501922665041481	-0.887455005030002	1	0.5211783442438787
24.6942493	1	2.520330434496109	-0.887455005030002	1	0.5211783442438787
24.8202606	1	2.520330434496109	-0.8944418498725342	1	0.48211954345668345
24.8202606	1	2.535670242374965	-0.8944418498725342	1	0.48211954345668345
24.9458642	1	2.535670242374965	-0.9002767928478603	1	0.4490528614480156
24.9458642	1	2.546408107890164	-0.9002767928478603	1	0.4490528614480156
25.0681747	1	2.546408107890164	-0.9043775905410243	1	0.42562616549209464
25.0681747	1	2.5602139349811353	-0.9043775905410243	1	0.42562616549209464
25.1923252	1	2.5602139349811353	-0.9096816723258171	1	0.39516728185818417
25.1923252	1	2.570951800496335	-0.9096816723258171	1	0.39516728185818417
25.315927	1	2.570951800496335	-0.913841017927919	1	0.3712134921613583
25.315927	1	2.5847576275873054	-0.913841017927919	1	0.3712134921613583
25.440463	1	2.5847576275873054	-0.9192475860728245	1	0.34007691657486033
25.440463	1	2.59702947389039	-0.9192475860728245	1	0.34007691657486033
25.5643661	1	2.59702947389039	-0.9241253901556247	1	0.3120799392981398
25.5643661	1	2.604699377829819	-0.9241253901556247	1	0.3120799392981398
25.6886094	1	2.604699377829819	-0.9272169319685836	1	0.29442887719144284
25.6886094	1	2.612369281769247	-0.9272169319685836	1	0.29442887719144284
25.8136929	1	2.612369281769247	-0.9303478675577601	1	0.27666016023186774
25.8136929	1	2.621573166496561	-0.9303478675577601	1	0.27666016023186774
25.9382252	1	2.621573166496561	-0.9341658842051397	1	0.25518239547457544
25.9382252	1	2.633845012799646	-0.9341658842051397	1	0.25518239547457544
26.0611474	1	2.633845012799646	-0.9393816361006951	1	0.2262818289277357
26.0611474	1	2.6430488975269597	-0.9393816361006951	1	0.2262818289277357
26.1858748	1	2.6430488975269597	-0.9434086388506109	1	0.20440874386476626
26.1858748	1	2.6522527822542736	-0.9434086388506109	1	0.20440874386476626
26.307836	1	2.6522527822542736	-0.9475580260315568	1	0.18236623581364947
26.307836	1	2.658388705405816	-0.9475580260315568	1	0.18236623581364947
26.4319201	1	2.658388705405816	-0.9504059060855502	1	0.16757710656393487
26.4319201	1	2.6645246285573583	-0.9504059060855502	1	0.16757710656393487
26.5563774	1	2.6645246285573583	-0.9533312484916227	1	0.15271267820837703
26.5563774	1	2.6721945324967873	-0.9533312484916227	1	0.15271267820837703
26.6793019	1	2.6721945324967873	-0.9571174495928182	1	0.13402625339633492
26.6793019	1	2.6798644364362154	-0.9571174495928182	1	0.13402625339633492
26.8031939	1	2.6798644364362154	-0.9610801657598123	1	0.11522217373141484
26.8031939	1	2.6860003595877577	-0.9610801657598123	1	0.11522217373141484
26.9265106	1	2.6860003595877577	-0.964409589825691	1	0.10009419850540555
26.9265106	1	2.6952042443150717	-0.964409589825691	1	0.10009419850540555
27.0496646	1	2.6952042443150717	-0.9697558409594056	1	0.07726104984293437
27.0496646	1	2.7028741482545	-0.9697558409594056	1	0.07726104984293437
27.1738015	1	2.7028741482545	-0.9746649641180993	1	0.05810400561937397
27.1738015	1	2.7120780329818137	-0.9746649641180993	1	0.05810400561937397
27.2965205	1	2.7120780329818137	-0.9814577115218737	1	0.03496024814529929
27.2965205	1	2.725883860072784	-0.9814577115218737	1	0.03496024814529929
27.4195905	1	2.725883860072784	-1.0004523630317639	1	-7.305616858789697E-05
27.4195905	1	2.7243498792848984	-1.0004523630317639	1	-7.305616858789697E-05
27.543357	1	2.7243498792848984	-0.9951213147834068	1	0.0038383579760831107
27.543357	1	2.7243498792848984	-0.9951213147834068	1	0.0038383579760831107
27.6668091	1	2.7243498792848984	-0.9951213147834068	1	0.0038383579760831107
27.6668091	1	2.7243498792848984	-0.9951213147834068	1	0.0038383579760831107
27.7906163	1	2.7243498792848984	-0.9951213147834068	1	0.0038383579760831107
27.7906163	1	2.7243498792848984	-0.9951213147834068	1	0.0038383579760831107
27.9133248	1	2.7243498792848984	-0.9951213147834068	1	0.0038383579760831107
27.9133248	1	2.7243498792848984	-0.9951213147834068	1	0.0038383579760831107
28.0381871	1	2.7243498792848984	-0.9951213147834068	1	0.0038383579760831107
28.0381871	1	2.7243498792848984	-0.9951213147834068	1	0.0038383579760831107
28.1630511	1	2.7243498792848984	-0.9951213147834068	1	0.0038383579760831107
28.1630511	1	2.725883860072784	-0.9951213147834068	1	0.0038383579760831107
28.2881271	1	2.725883860072784	-1.0004523630317639	1	-7.305616858789697E-05
28.2881271	1	2.7243498792848984	-1.0004523630317639	1	-7.305616858789697E-05
28.4110918	1	2.7243498792848984	-0.9951213147834068	1	0.0038383579760831107
28.4110918	1	2.7243498792848984	-0.9951213147834068	1	0.0038383579760831107
28.5344776	1	2.7243498792848984	-0.9951213147834068	1	0.0038383579760831107
28.5344776	1	2.7243498792848984	-0.9951213147834068	1	0.0038383579760831107
28.6592969	1	2.7243498792848984	-0.9951213147834068	1	0.0038383579760831107
28.6592969	1	2.725883860072784	-0.9951213147834068	1	0.0038383579760831107
28.7816579	1	2.725883860072784	-1.0004523630317639	1	-7.305616858789697E-05
28.7816579	1	2.7243498792848984	-1.0004523630317639	1	-7.305616858789697E-05
28.9051436	1	2.7243498792848984	-0.9951213147834068	1	0.0038383579760831107
28.9051436	1	2.7243498792848984	-0.9951213147834068	1	0.0038383579760831107
29.0269454	1	2.7243498792848984	-0.9951213147834068	1	0.0038383579760831107
29.0269454	1	2.7243498792848984	-0.9951213147834068	1	0.0038383579760831107
29.1518485	1	2.7243498792848984	-0.9951213147834068	1	0.0038383579760831107
29.1518485	1	2.7243498792848984	-0.9951213147834068	1	0.0038383579760831107
29.2754336	1	2.7243498792848984	-0.9951213147834068	1	0.0038383579760831107
29.2754336	1	2.7243498792848984	-0.9951213147834068	1	0.0038383579760831107
29.4002565	1	2.7243498792848984	-0.9951213147834068	1	0.0038383579760831107
29.4002565	1	2.7243498792848984	-0.9951213147834068	1	0.0038383579760831107
29.5238224	1	2.7243498792848984	-0.9951213147834068	1	0.0038383579760831107
29.5238224	1	2.7243498792848984	-0.9951213147834068	1	0.0038383579760831107
29.6476748	1	2.7243498792848984	-0.9951213147834068	1	0.0038383579760831107
29.6476748	1	2.7243498792848984	-0.9951213147834068	1	0.0038383579760831107
29.7726965	1	2.7243498792848984	-0.9951213147834068	1	0.0038383579760831107
29.7726965	1	2.7243498792848984	-0.9951213147834068	1	0.0038383579760831107
29.8961973	1	2.7243498792848984	-0.9951213147834068	1	0.0038383579760831107
29.8961973	1	2.7243498792848984	-0.9951213147834068	1	0.0038383579760831107
30.0191967	1	2.7243498792848984	-0.9951213147834068	1	0.0038383579760831107
30.0191967	1	2.7243498792848984	-0.9951213147834068	1	0.0038383579760831107
30.142902	1	2.7243498792848984	-0.9951213147834068	1	0.0038383579760831107
30.142902	1	2.7243498792848984	-0.9951213147834068	1	0.0038383579760831107
30.2681189	1	2.7243498792848984	-0.9951213147834068	1	0.0038383579760831107
30.2681189	1	2.7243498792848984	-0.9951213147834068	1	0.0038383579760831107
30.3913893	1	2.7243498792848984	-0.9951213147834068	1	0.0038383579760831107
30.3913893	1	2.7243498792848984	-0.9951213147834068	1	0.0038383579760831107
30.5146126	1	2.7243498792848984	-0.9951213147834068	1	0.0038383579760831107
30.5146126	1	2.7243498792848984	-0.9951213147834068	1	0.0038383579760831107
30.6387882	1	2.7243498792848984	-0.9951213147834068	1	0.0038383579760831107
30.6387882	1	2.7243498792848984	-0.9951213147834068	1	0.0038383579760831107
30.7610302	1	2.7243498792848984	-0.9951213147834068	1	0.0038383579760831107
30.7610302	1	2.7243498792848984	-0.9951213147834068	1	0.0038383579760831107
30.8852352	1	2.7243498792848984	-0.9951213147834068	1	0.0038383579760831107
30.8852352	1	2.7243498792848984	-0.9951213147834068	1	0.0038383579760831107
31.0089619	1	2.7243498792848984	-0.9951213147834068	1	0.0038383579760831107
31.0089619	1	2.7243498792848984	-0.9951213147834068	1	0.0038383579760831107
31.1330181	1	2.7243498792848984	-0.9951213147834068	1	0.0038383579760831107
31.1330181	1	2.7243498792848984	-0.9951213147834068	1	0.0038383579760831107
31.256885	1	2.7243498792848984	-0.9951213147834068	1	0.0038383579760831107
31.256885	1	2.7243498792848984	-0.9951213147834068	1	0.0038383579760831107
31.3813781	1	2.7243498792848984	-0.9951213147834068	1	0.0038383579760831107
31.3813781	1	2.7243498792848984	-0.9951213147834068	1	0.0038383579760831107
31.5065856	1	2.7243498792848984	-0.9951213147834068	1	0.0038383579760831107
31.5065856	1	2.7243498792848984	-0.9951213147834068	1	0.0038383579760831107
31.6291362	1	2.7243498792848984	-0.9951213147834068	1	0.0038383579760831107
31.6291362	1	2.7243498792848984	-0.9951213147834068	1	0.0038383579760831107
31.7530211	1	2.7243498792848984	-0.9951213147834068	1	0.0038383579760831107
31.7530211	1	2.7243498792848984	-0.9951213147834068	1	0.0038383579760831107
31.8769148	1	2.7243498792848984	-0.9951213147834068	1	0.0038383579760831107
31.8769148	1	2.7243498792848984	-0.9951213147834068	1	0.0038383579760831107
32.0023461	1	2.7243498792848984	-0.9951213147834068	1	0.0038383579760831107
32.0023461	1	2.7243498792848984	-0.9951213147834068	1	0.0038383579760831107
32.1271841	1	2.7243498792848984	-0.9951213147834068	1	0.0038383579760831107
32.1271841	1	2.725883860072784	-0.9951213147834068	1	0.0038383579760831107
32.2510011	1	2.725883860072784	-1.0004523630317639	1	-7.305616858789697E-05
32.2510011	1	2.7243498792848984	-1.0004523630317639	1	-7.305616858789697E-05
32.374989	1	2.7243498792848984	-0.9951213147834068	1	0.0038383579760831107
32.374989	1	2.7243498792848984	-0.9951213147834068	1	0.0038383579760831107
32.5002892	1	2.7243498792848984	0	0	0.0038383579760831107
32.5002892	1	2.7243498792848984	0	0	0.0038383579760831107
32.6237877	1	2.7243498792848984	0	0	0.0038383579760831107
32.6237877	1	2.7243498792848984	0	0	0.0038383579760831107
32.7469797	1	2.7243498792848984	0	0	0.0038383579760831107
32.7469797	1	2.7243498792848984	0	0	0.0038383579760831107
32.8705864	1	2.7243498792848984	0	0	0.0038383579760831107
32.8705864	1	2.7243498792848984	0	0	0.0038383579760831107
32.9941675	1	2.7243498792848984	0	0	0.0038383579760831107
32.9941675	1	2.7243498792848984	0	0	0.0038383579760831107
33.1177124	1	2.7243498792848984	0	0	0.0038383579760831107
33.1177124	1	2.7243498792848984	0	0	0.0038383579760831107
33.242166	1	2.7243498792848984	0	0	0.0038383579760831107
33.242166	1	2.725883860072784	0	0	0.0038383579760831107
33.3657779	1	2.725883860072784	-0.00045236303176392505	0	-7.305616858789697E-05
33.3657779	1	2.725883860072784	-0.00045236303176392505	0	-7.305616858789697E-05
33.489527	1	2.725883860072784	-0.00045236303176392505	0	-7.305616858789697E-05
33.489527	1	2.7243498792848984	-0.00045236303176392505	0	-7.305616858789697E-05
33.6121158	1	2.7243498792848984	0	0	0.0038383579760831107
33.6121158	1	2.7243498792848984	0	0	0.0038383579760831107
33.7348262	1	2.7243498792848984	0	0	0.0038383579760831107
33.7348262	1	2.7243498792848984	0	0	0.0038383579760831107
33.8589951	1	2.7243498792848984	0	0	0.0038383579760831107
33.8589951	1	2.7243498792848984	0	0	0.0038383579760831107
33.9829815	1	2.7243498792848984	0	0	0.0038383579760831107
33.9829815	1	2.7243498792848984	0	0	0.0038383579760831107
34.1075303	1	2.7243498792848984	0	0	0.0038383579760831107
34.1075303	1	2.7243498792848984	0	0	0.0038383579760831107
34.2330205	1	2.7243498792848984	0	0	0.0038383579760831107
34.2330205	1	2.725883860072784	0	0	0.0038383579760831107
34.3576084	1	2.725883860072784	-0.00045236303176392505	0	-7.305616858789697E-05
34.3576084	1	2.7243498792848984	-0.00045236303176392505	0	-7.305616858789697E-05
34.4826733	1	2.7243498792848984	0	0	0.0038383579760831107
34.4826733	1	2.7243498792848984	0	0	0.0038383579760831107
34.6069906	1	2.7243498792848984	0	0	0.0038383579760831107
34.6069906	1	2.7243498792848984	0	0	0.0038383579760831107
34.7320487	1	2.7243498792848984	0	0	0.0038383579760831107
34.7320487	1	2.7243498792848984	0	0	0.0038383579760831107
34.8550673	1	2.7243498792848984	0	0	0.0038383579760831107
34.8550673	1	2.7243498792848984	0	0	0.0038383579760831107
34.9794158	1	2.7243498792848984	0	0	0.0038383579760831107
34.9794158	1	2.7243498792848984	0	0	0.0038383579760831107
35.1032011	1	2.7243498792848984	0	0	0.0038383579760831107
35.1032011	1	2.7243498792848984	0	0	0.0038383579760831107
35.2273536	1	2.7243498792848984	0	0	0.0038383579760831107
35.2273536	1	2.7243498792848984	0	0	0.0038383579760831107
