time	mode	theta	u	uh	h
0	0	0	0	0	0
0	0	2.7304858024364416	0	0	0
0.0833607	0	2.7304858024364416	0	0	0
0.0833607	0	2.709010071406042	0	0	0
0.2076837	0	2.709010071406042	0	0	0
0.2076837	0	2.2810294315859485	0	0	0
0.3307333	0	2.2810294315859485	0	0	0
0.3307333	0	1.905204138553966	0	0	0
0.4567239	0	1.905204138553966	0	0	0
0.4567239	0	1.6030099233404949	0	0	0
0.5802293	0	1.6030099233404949	0	0	0
0.5802293	0	1.3529710549151357	0	0	0
0.7032806	0	1.3529710549151357	0	0	0
0.7032806	0	1.150485590914231	0	0	0
0.8285162	0	1.150485590914231	0	0	0
0.8285162	0	0.9832816850346964	0	0	0
0.9528172	0	0.9832816850346964	0	0	0
0.9528172	0	0.8452234141249884	0	0	0
1.0769063	0	0.8452234141249884	0	0	0
1.0769063	0	0.727106893457794	0	0	0
1.2018255	0	0.727106893457794	0	0	0
1.2018255	0	0.6289321230331129	0	0	0
1.3256701	0	0.6289321230331129	0	0	0
1.3256701	0	0.5522330836388307	0	0	0
1.4499081	0	0.5522330836388307	0	0	0
1.4499081	0	0.4893398713355195	0	0	0
1.5751903	0	0.4893398713355195	0	0	0
1.5751903	0	0.44025248612317913	0	0	0
1.6991541	0	0.44025248612317913	0	0	0
1.6991541	0	0.3988350048502669	0	0	0
1.8209279	0	0.3988350048502669	0	0	0
1.8209279	0	0.363553446728897	0	0	0
1.9436571	0	0.363553446728897	0	0	0
1.9436571	0	0.33287383097118406	0	0	0
2.0670021	0	0.33287383097118406	0	0	0
2.0670021	0	0.3052621767892427	0	0	0
2.1904887	0	0.3052621767892427	0	0	0
2.1904887	0	0.28685440733461487	0	0	0
2.3310852	0	0.28685440733461487	0	0	0
2.3310852	0	0.26691265709210166	0	0	0
2.4555347	0	0.26691265709210166	0	0	0
2.4555347	0	0.25310683000113077	0	0	0
2.5792718	0	0.25310683000113077	0	0	0
2.5792718	0	0.24083498369804568	0	0	0
2.7038147	0	0.24083498369804568	0	0	0
2.7038147	0	0.2346990605465029	0	0	0
2.8245966	0	0.2346990605465029	0	0	0
2.8245966	0	0.22396119503130363	0	0	0
2.9497391	0	0.22396119503130363	0	0	0
2.9497391	0	0.2147573103039897	0	0	0
3.0743794	0	0.2147573103039897	0	0	0
3.0743794	0	0.20708740636456158	0	0	0
3.1994099	0	0.20708740636456158	0	0	0
3.1994099	0	0.20555342557667577	0	0	0
3.3375522	0	0.20555342557667577	0	0	0
3.3375522	0	0.20401944478879042	0	0	0
3.461507	0	0.20401944478879042	0	0	0
3.461507	0	0.19788352163724765	0	0	0
3.5859316	0	0.19788352163724765	0	0	0
3.5859316	0	0.19788352163724765	0	0	0
3.7109812	0	0.19788352163724765	0	0	0
3.7109812	0	0.1932815792735907	0	0	0
3.8352647	0	0.1932815792735907	0	0	0
3.8352647	0	0.19174759848570533	0	0	0
3.96024	0	0.19174759848570533	0	0	0
3.96024	0	0.19021361769781953	0	0	0
4.0839914	0	0.19021361769781953	0	0	0
4.0839914	0	0.19174759848570533	0	0	0
4.2089234	0	0.19174759848570533	0	0	0
4.2089234	0	0.19021361769781953	0	0	0
4.3319203	0	0.19021361769781953	0	0	0
4.3319203	0	0.19021361769781953	0	0	0
4.4567817	0	0.19021361769781953	0	0	0
4.4567817	0	0.19174759848570533	0	0	0
4.5806916	0	0.19174759848570533	0	0	0
4.5806916	0	0.19174759848570533	0	0	0
4.7045781	0	0.19174759848570533	0	0	0
4.7045781	0	0.19174759848570533	0	0	0
4.8294534	0	0.19174759848570533	0	0	0
4.8294534	0	0.19021361769781953	0	0	0
4.9505472	0	0.19021361769781953	0	0	0
4.9505472	0	0.19174759848570533	0	0	0
5.0733152	1	0.19174759848570533	0	1	0.04362383487585955
5.0733152	1	0.1948155600614765	0	1	0.04362383487585955
5.1965071	1	0.1948155600614765	0	1	0.05133615336080812
5.1965071	1	0.28838838812250067	0	1	0.05133615336080812
5.3208188	1	0.28838838812250067	0	1	0.27751891515938354
5.3208188	1	0.42491267824432244	0	1	0.27751891515938354
5.4445189	1	0.42491267824432244	0	1	0.576109426818642
5.4445189	1	0.5430291989115168	0	1	0.576109426818642
5.5692043	1	0.5430291989115168	0	1	0.8043632570571673
5.5692043	1	0.6672816427302539	0	1	0.8043632570571673
5.6920393	1	0.6672816427302539	0	1	1.014359492983072
5.6920393	1	0.7900001057611052	0	1	1.014359492983072
5.8160097	1	0.7900001057611052	0	1	1.1914552926845172
5.8160097	1	0.9157865303677282	0	1	1.1914552926845172
5.9401803	1	0.9157865303677282	0	1	1.3417199460653106
5.9401803	1	1.0400389741864648	0	1	1.3417199460653106
6.0643728	1	1.0400389741864648	0	1	1.4590841632216445
6.0643728	1	1.1658253987930873	0	1	1.4590841632216445
6.188917	1	1.1658253987930873	0	1	1.546445826058614
6.188917	1	1.2916118233997098	0	1	1.546445826058614
6.3142168	1	1.2916118233997098	0	1	1.6021630396649487
6.3142168	1	1.420466209582104	0	1	1.6021630396649487
6.4384375	1	1.420466209582104	0	1	1.6264276243295002
6.4384375	1	1.5477866149766122	0	1	1.6264276243295002
6.5610638	1	1.5477866149766122	0	1	1.6177870665754774
6.5610638	1	1.6751070203711205	0	1	1.6177870665754774
6.6855543	1	1.6751070203711205	0	1	1.576725537561811
6.6855543	1	1.8039614065535137	0	1	1.576725537561811
6.8093273	1	1.8039614065535137	-0.36853389004888365	1	1.5021600458070683
6.8093273	1	1.9297478311601362	-0.36853389004888365	1	1.5021600458070683
6.9327859	1	1.9297478311601362	-0.5539516615906909	1	1.397339565755547
6.9327859	1	2.0110488129180757	-0.5539516615906909	1	1.397339565755547
7.0564005	1	2.0110488129180757	-0.6326352058686748	1	1.3127533338360775
7.0564005	1	2.067806102069844	-0.6326352058686748	1	1.3127533338360775
7.1807463	1	2.067806102069844	-0.6767003289910956	1	1.245866754954633
7.1807463	1	2.112291544918528	-0.6767003289910956	1	1.245866754954633
7.3036423	1	2.112291544918528	-0.70676776290775	1	1.1889383113063308
7.3036423	1	2.1521750454035544	-0.70676776290775	1	1.1889383113063308
7.4265992	1	2.1521750454035544	-0.7310922993040258	1	1.1345340882085857
7.4265992	1	2.18899058431281	-0.7310922993040258	1	1.1345340882085857
7.5485758	1	2.18899058431281	-0.7517284352750148	1	1.0814910888800053
7.5485758	1	2.22427214243418	-0.7517284352750148	1	1.0814910888800053
7.6718488	1	2.22427214243418	-0.7701321777889228	1	1.028114516604181
7.6718488	1	2.2564857389797783	-0.7701321777889228	1	1.028114516604181
7.7952664	1	2.2564857389797783	-0.7859391131245244	1	0.9772051237145959
7.7952664	1	2.2886993355253766	-0.7859391131245244	1	0.9772051237145959
7.9198712	1	2.2886993355253766	-0.800933784916787	1	0.9242202992202054
7.9198712	1	2.3147770089194326	-0.800933784916787	1	0.9242202992202054
8.0429204	1	2.3147770089194326	-0.8125592334154057	1	0.8798077215493447
8.0429204	1	2.337786720737717	-0.8125592334154057	1	0.8798077215493447
8.1827965	1	2.337786720737717	-0.8125592334154057	1	0.8798077215493447
8.1827965	1	2.337786720737717	-0.8224854822590761	1	0.8394906664285837
8.3072319	1	2.3669323557075446	-0.8224854822590761	1	0.8394906664285837
8.3072319	1	2.3669323557075446	-0.8346724729793507	1	0.7869022959097409
8.3072319	1	2.3914760483137147	-0.8346724729793507	1	0.7869022959097409
8.4479925	1	2.3914760483137147	-0.8446488139850549	1	0.7412996179626693
8.4479925	1	2.416019740919885	-0.8446488139850549	1	0.7412996179626693
8.5736056	1	2.416019740919885	-0.8544072621220474	1	0.6944921543221054
8.5736056	1	2.4359614911623986	-0.8544072621220474	1	0.6944921543221054
8.6979082	1	2.4359614911623986	-0.8622039996697077	1	0.6555739725234304
8.6979082	1	2.4543692606170255	-0.8622039996697077	1	0.6555739725234304
8.8218204	1	2.4543692606170255	-0.8693169697899247	1	0.6189435678996826
8.8218204	1	2.4727770300716534	-0.8693169697899247	1	0.6189435678996826
8.9459302	1	2.4727770300716534	-0.8763682461935314	1	0.5816354713233436
8.9459302	1	2.4865828571626247	-0.8763682461935314	1	0.5816354713233436
9.0691411	1	2.4865828571626247	-0.8816279415172488	1	0.5532096635472015
9.0691411	1	2.5049906266172517	-0.8816279415172488	1	0.5532096635472015
9.1939465	1	2.5049906266172517	-0.888619349684326	1	0.5147156060538327
9.1939465	1	2.518796453708223	-0.888619349684326	1	0.5147156060538327
9.318173	1	2.518796453708223	-0.8938592990544839	1	0.48540032758991697
9.318173	1	2.5341362615870793	-0.8938592990544839	1	0.48540032758991697
9.4427306	1	2.5341362615870793	-0.8996922763035405	1	0.4523807075224012
9.4427306	1	2.544874127102279	-0.8996922763035405	1	0.4523807075224012
9.5660114	1	2.544874127102279	-0.903790646518506	1	0.4289869549252847
9.5660114	1	2.5586799541932495	-0.903790646518506	1	0.4289869549252847
9.6916233	1	2.5586799541932495	-0.9090901529764677	1	0.398570427038413
9.6916233	1	2.570951800496335	-0.9090901529764677	1	0.398570427038413
9.8151392	1	2.570951800496335	-0.913841017927919	1	0.3712134921613583
9.8151392	1	2.5832236467994196	-0.913841017927919	1	0.3712134921613583
9.9378298	1	2.5832236467994196	-0.9186430157581055	1	0.3435553608609325
9.9378298	1	2.59702947389039	-0.9186430157581055	1	0.3435553608609325
10.0605329	1	2.59702947389039	-0.9241253901556247	1	0.3120799392981398
10.0605329	1	2.604699377829819	-0.9241253901556247	1	0.3120799392981398
10.1998457	1	2.604699377829819	-0.9272169319685836	1	0.29442887719144284
10.1998457	1	2.615437243345018	-0.9272169319685836	1	0.29442887719144284
10.3233085	1	2.615437243345018	-0.9316126427439406	1	0.2695197300892325
10.3233085	1	2.6261751088602177	-0.9316126427439406	1	0.2695197300892325
10.4489771	1	2.6261751088602177	-0.9361034947216158	1	0.2443799794753751
10.4489771	1	2.633845012799646	-0.9361034947216158	1	0.2443799794753751
10.5737951	1	2.633845012799646	-0.9393816361006951	1	0.2262818289277357
10.5737951	1	2.6430488975269597	-0.9393816361006951	1	0.2262818289277357
10.6961133	1	2.6430488975269597	-0.9434086388506109	1	0.20440874386476626
10.6961133	1	2.6522527822542736	-0.9434086388506109	1	0.20440874386476626
10.8196531	1	2.6522527822542736	-0.9475580260315568	1	0.18236623581364947
10.8196531	1	2.658388705405816	-0.9475580260315568	1	0.18236623581364947
10.9428731	1	2.658388705405816	-0.9504059060855502	1	0.16757710656393487
10.9428731	1	2.6645246285573583	-0.9504059060855502	1	0.16757710656393487
11.0680297	1	2.6645246285573583	-0.9533312484916227	1	0.15271267820837703
11.0680297	1	2.673728513284672	-0.9533312484916227	1	0.15271267820837703
11.1903943	1	2.673728513284672	-0.9578945609883641	1	0.13027484985158305
11.1903943	1	2.6813984172241003	-0.9578945609883641	1	0.13027484985158305
11.3138419	1	2.6813984172241003	-0.9618978485371127	1	0.11144723921608696
11.3138419	1	2.6860003595877577	-0.9618978485371127	1	0.11144723921608696
11.4378764	1	2.6860003595877577	-0.964409589825691	1	0.10009419850540555
11.4378764	1	2.6952042443150717	-0.964409589825691	1	0.10009419850540555
11.5606737	1	2.6952042443150717	-0.9697558409594056	1	0.07726104984293437
11.5606737	1	2.701340167466614	-0.9697558409594056	1	0.07726104984293437
11.6833936	1	2.701340167466614	-0.9736407498865817	1	0.0619448268523169
11.6833936	1	2.7074760906181563	-0.9736407498865817	1	0.0619448268523169
11.8072437	1	2.7074760906181563	-0.97790084564518	1	0.046553304755856166
11.8072437	1	2.7243498792848984	-0.97790084564518	1	0.046553304755856166
11.9327144	1	2.7243498792848984	-0.9951213147834068	1	0.0038383579760831107
11.9327144	1	2.7243498792848984	-0.9951213147834068	1	0.0038383579760831107
12.0552177	1	2.7243498792848984	-0.9951213147834068	1	0.0038383579760831107
12.0552177	1	2.7243498792848984	-0.9951213147834068	1	0.0038383579760831107
12.1786915	1	2.7243498792848984	-0.9951213147834068	1	0.0038383579760831107
12.1786915	1	2.7243498792848984	-0.9951213147834068	1	0.0038383579760831107
12.3033249	1	2.7243498792848984	-0.9951213147834068	1	0.0038383579760831107
12.3033249	1	2.7243498792848984	-0.9951213147834068	1	0.0038383579760831107
12.4262531	1	2.7243498792848984	-0.9951213147834068	1	0.0038383579760831107
12.4262531	1	2.7243498792848984	-0.9951213147834068	1	0.0038383579760831107
12.5524864	1	2.7243498792848984	-0.9951213147834068	1	0.0038383579760831107
12.5524864	1	2.725883860072784	-0.9951213147834068	1	0.0038383579760831107
12.6761685	1	2.725883860072784	-1.0004523630317639	1	-7.305616858789697E-05
12.6761685	1	2.725883860072784	-1.0004523630317639	1	-7.305616858789697E-05
12.7991004	1	2.725883860072784	-1.0004523630317639	1	-7.305616858789697E-05
12.7991004	1	2.725883860072784	-1.0004523630317639	1	-7.305616858789697E-05
12.9222697	1	2.725883860072784	-1.0004523630317639	1	-7.305616858789697E-05
12.9222697	1	2.7243498792848984	-1.0004523630317639	1	-7.305616858789697E-05
13.0463024	1	2.7243498792848984	-0.9951213147834068	1	0.0038383579760831107
13.0463024	1	2.725883860072784	-0.9951213147834068	1	0.0038383579760831107
13.1713953	1	2.725883860072784	-1.0004523630317639	1	-7.305616858789697E-05
13.1713953	1	2.725883860072784	-1.0004523630317639	1	-7.305616858789697E-05
13.2955433	1	2.725883860072784	-1.0004523630317639	1	-7.305616858789697E-05
13.2955433	1	2.7243498792848984	-1.0004523630317639	1	-7.305616858789697E-05
13.4184388	1	2.7243498792848984	-0.9951213147834068	1	0.0038383579760831107
13.4184388	1	2.7243498792848984	-0.9951213147834068	1	0.0038383579760831107
13.5424829	1	2.7243498792848984	-0.9951213147834068	1	0.0038383579760831107
13.5424829	1	2.7243498792848984	-0.9951213147834068	1	0.0038383579760831107
13.6682314	1	2.7243498792848984	-0.9951213147834068	1	0.0038383579760831107
13.6682314	1	2.7243498792848984	-0.9951213147834068	1	0.0038383579760831107
13.7912916	1	2.7243498792848984	-0.9951213147834068	1	0.0038383579760831107
13.7912916	1	2.7243498792848984	-0.9951213147834068	1	0.0038383579760831107
13.9150917	1	2.7243498792848984	-0.9951213147834068	1	0.0038383579760831107
13.9150917	1	2.7243498792848984	-0.9951213147834068	1	0.0038383579760831107
14.0398277	1	2.7243498792848984	-0.9951213147834068	1	0.0038383579760831107
14.0398277	1	2.7243498792848984	-0.9951213147834068	1	0.0038383579760831107
14.1637436	1	2.7243498792848984	-0.9951213147834068	1	0.0038383579760831107
14.1637436	1	2.7243498792848984	-0.9951213147834068	1	0.0038383579760831107
14.2886061	1	2.7243498792848984	-0.9951213147834068	1	0.0038383579760831107
14.2886061	1	2.7243498792848984	-0.9951213147834068	1	0.0038383579760831107
14.4143428	1	2.7243498792848984	-0.9951213147834068	1	0.0038383579760831107
14.4143428	1	2.7243498792848984	-0.9951213147834068	1	0.0038383579760831107
14.5371404	1	2.7243498792848984	-0.9951213147834068	1	0.0038383579760831107
14.5371404	1	2.725883860072784	-0.9951213147834068	1	0.0038383579760831107
14.6628329	1	2.725883860072784	-1.0004523630317639	1	-7.305616858789697E-05
14.6628329	1	2.7243498792848984	-1.0004523630317639	1	-7.305616858789697E-05
14.7864252	1	2.7243498792848984	-0.9951213147834068	1	0.0038383579760831107
14.7864252	1	2.725883860072784	-0.9951213147834068	1	0.0038383579760831107
14.9113375	1	2.725883860072784	-1.0004523630317639	1	-7.305616858789697E-05
14.9113375	1	2.7243498792848984	-1.0004523630317639	1	-7.305616858789697E-05
15.0356947	1	2.7243498792848984	-0.9951213147834068	1	0.0038383579760831107
15.0356947	1	2.7243498792848984	-0.9951213147834068	1	0.0038383579760831107
15.1609243	1	2.7243498792848984	-0.9951213147834068	1	0.0038383579760831107
15.1609243	1	2.725883860072784	-0.9951213147834068	1	0.0038383579760831107
15.2835518	1	2.725883860072784	-1.0004523630317639	1	-7.305616858789697E-05
15.2835518	1	2.725883860072784	-1.0004523630317639	1	-7.305616858789697E-05
15.4245197	1	2.725883860072784	-1.0004523630317639	1	-7.305616858789697E-05
15.4245197	1	2.725883860072784	-1.0004523630317639	1	-7.305616858789697E-05
15.5495705	1	2.725883860072784	-1.0004523630317639	1	-7.305616858789697E-05
15.5495705	1	2.725883860072784	-1.0004523630317639	1	-7.305616858789697E-05
15.6738913	1	2.725883860072784	-1.0004523630317639	1	-7.305616858789697E-05
15.6738913	1	2.7243498792848984	-1.0004523630317639	1	-7.305616858789697E-05
15.7984143	1	2.7243498792848984	-0.9951213147834068	1	0.0038383579760831107
15.7984143	1	2.725883860072784	-0.9951213147834068	1	0.0038383579760831107
15.9215981	1	2.725883860072784	-1.0004523630317639	1	-7.305616858789697E-05
15.9215981	1	2.7243498792848984	-1.0004523630317639	1	-7.305616858789697E-05
16.0448492	1	2.7243498792848984	-0.9951213147834068	1	0.0038383579760831107
16.0448492	1	2.725883860072784	-0.9951213147834068	1	0.0038383579760831107
16.1690423	1	2.725883860072784	-1.0004523630317639	1	-7.305616858789697E-05
16.1690423	1	2.725883860072784	-1.0004523630317639	1	-7.305616858789697E-05
16.2939173	1	2.725883860072784	-1.0004523630317639	1	-7.305616858789697E-05
16.2939173	1	2.7243498792848984	-1.0004523630317639	1	-7.305616858789697E-05
16.417692	1	2.7243498792848984	-0.9951213147834068	1	0.0038383579760831107
16.417692	1	2.7243498792848984	-0.9951213147834068	1	0.0038383579760831107
16.5439314	1	2.7243498792848984	-0.9951213147834068	1	0.0038383579760831107
16.5439314	1	2.7243498792848984	-0.9951213147834068	1	0.0038383579760831107
16.6695684	1	2.7243498792848984	-0.9951213147834068	1	0.0038383579760831107
16.6695684	1	2.7243498792848984	-0.9951213147834068	1	0.0038383579760831107
16.7927997	1	2.7243498792848984	-0.9951213147834068	1	0.0038383579760831107
16.7927997	1	2.725883860072784	-0.9951213147834068	1	0.0038383579760831107
16.9170025	1	2.725883860072784	-1.0004523630317639	1	-7.305616858789697E-05
16.9170025	1	2.7243498792848984	-1.0004523630317639	1	-7.305616858789697E-05
17.043194	1	2.7243498792848984	-0.9951213147834068	1	0.0038383579760831107
17.043194	1	2.7243498792848984	-0.9951213147834068	1	0.0038383579760831107
17.1659401	1	2.7243498792848984	-0.9951213147834068	1	0.0038383579760831107
17.1659401	1	2.7243498792848984	-0.9951213147834068	1	0.0038383579760831107
17.2867033	1	2.7243498792848984	-0.9951213147834068	1	0.0038383579760831107
17.2867033	1	2.7243498792848984	-0.9951213147834068	1	0.0038383579760831107
17.4079567	1	2.7243498792848984	-0.9951213147834068	1	0.0038383579760831107
17.4079567	1	2.725883860072784	-0.9951213147834068	1	0.0038383579760831107
17.5307288	1	2.725883860072784	-1.0004523630317639	1	-7.305616858789697E-05
17.5307288	1	2.725883860072784	-1.0004523630317639	1	-7.305616858789697E-05
17.6538133	1	2.725883860072784	-1.0004523630317639	1	-7.305616858789697E-05
17.6538133	1	2.7243498792848984	-1.0004523630317639	1	-7.305616858789697E-05
17.7779418	1	2.7243498792848984	-0.9951213147834068	1	0.0038383579760831107
17.7779418	1	2.725883860072784	-0.9951213147834068	1	0.0038383579760831107
17.9027099	1	2.725883860072784	-1.0004523630317639	1	-7.305616858789697E-05
17.9027099	1	2.725883860072784	-1.0004523630317639	1	-7.305616858789697E-05
18.0253497	1	2.725883860072784	-1.0004523630317639	1	-7.305616858789697E-05
18.0253497	1	2.725883860072784	-1.0004523630317639	1	-7.305616858789697E-05
18.1481858	1	2.725883860072784	-1.0004523630317639	1	-7.305616858789697E-05
18.1481858	1	2.725883860072784	-1.0004523630317639	1	-7.305616858789697E-05
18.272891	1	2.725883860072784	-1.0004523630317639	1	-7.305616858789697E-05
18.272891	1	2.7243498792848984	-1.0004523630317639	1	-7.305616858789697E-05
18.3964443	1	2.7243498792848984	-0.9951213147834068	1	0.0038383579760831107
18.3964443	1	2.725883860072784	-0.9951213147834068	1	0.0038383579760831107
18.5212727	1	2.725883860072784	-1.0004523630317639	1	-7.305616858789697E-05
18.5212727	1	2.7243498792848984	-1.0004523630317639	1	-7.305616858789697E-05
18.6439941	1	2.7243498792848984	-0.9951213147834068	1	0.0038383579760831107
18.6439941	1	2.7243498792848984	-0.9951213147834068	1	0.0038383579760831107
18.7696039	1	2.7243498792848984	-0.9951213147834068	1	0.0038383579760831107
18.7696039	1	2.7243498792848984	-0.9951213147834068	1	0.0038383579760831107
18.8935577	1	2.7243498792848984	-0.9951213147834068	1	0.0038383579760831107
18.8935577	1	2.725883860072784	-0.9951213147834068	1	0.0038383579760831107
19.0175917	1	2.725883860072784	-1.0004523630317639	1	-7.305616858789697E-05
19.0175917	1	2.7243498792848984	-1.0004523630317639	1	-7.305616858789697E-05
19.1418736	1	2.7243498792848984	-0.9951213147834068	1	0.0038383579760831107
19.1418736	1	2.7243498792848984	-0.9951213147834068	1	0.0038383579760831107
19.2822329	1	2.7243498792848984	-0.9951213147834068	1	0.0038383579760831107
19.2822329	1	2.7243498792848984	-0.9951213147834068	1	0.0038383579760831107
19.2822329	1	2.725883860072784	-0.9951213147834068	1	0.0038383579760831107
19.4075167	1	2.725883860072784	-1.0004523630317639	1	-7.305616858789697E-05
19.4075167	1	2.725883860072784	-1.0004523630317639	1	-7.305616858789697E-05
19.5314729	1	2.725883860072784	-1.0004523630317639	1	-7.305616858789697E-05
19.6557728	1	2.725883860072784	-1.0004523630317639	1	-7.305616858789697E-05
19.6557728	1	2.725883860072784	-1.0004523630317639	1	-7.305616858789697E-05
19.6557728	1	2.7243498792848984	-1.0004523630317639	1	-7.305616858789697E-05
19.7949635	1	2.7243498792848984	-0.9951213147834068	1	0.0038383579760831107
19.7949635	1	2.725883860072784	-0.9951213147834068	1	0.0038383579760831107
19.9201591	1	2.725883860072784	-1.0004523630317639	1	-7.305616858789697E-05
19.9201591	1	2.725883860072784	-1.0004523630317639	1	-7.305616858789697E-05
