time	mode	theta	u	uh	h
0	0	0	0	0	0
0	0	2.7304858024364416	0	0	0
0.1104265	0	2.7304858024364416	0	0	0
0.1104265	0	2.7304858024364416	0	0	0
0.234307	0	2.7304858024364416	0	0	0
0.234307	0	2.7289518216485558	0	0	0
0.3572848	0	2.7289518216485558	0	0	0
0.3572848	0	2.7289518216485558	0	0	0
0.4799989	0	2.7289518216485558	0	0	0
0.4799989	0	2.72741784086067	0	0	0
0.6031951	0	2.72741784086067	0	0	0
0.6031951	0	2.725883860072784	0	0	0
0.7256143	0	2.725883860072784	0	0	0
0.7256143	0	2.7243498792848984	0	0	0
0.8484649	0	2.7243498792848984	0	0	0
0.8484649	0	2.7243498792848984	0	0	0
0.8484649	0	2.7243498792848984	0	0	0
0.9879666	0	2.7243498792848984	0	0	0
0.9879666	0	2.7074760906181563	0	0	0
1.110716	0	2.7074760906181563	0	0	0
1.2356481	0	2.6000974354661617	0	0	0
1.2356481	0	2.6000974354661617	0	0	0
1.2356481	0	2.6000974354661617	0	0	0
1.3600824	0	2.6000974354661617	0	0	0
1.3600824	0	2.6016314162540475	0	0	0
1.4848141	0	2.6016314162540475	0	0	0
1.6096659	0	2.6016314162540475	0	0	0
1.6096659	0	2.6016314162540475	0	0	0
1.7317252	0	2.6016314162540475	0	0	0
1.7317252	0	2.6016314162540475	0	0	0
1.7317252	0	2.6016314162540475	0	0	0
1.8561193	0	2.6016314162540475	0	0	0
1.9814296	0	2.6031653970419333	0	0	0
1.9814296	0	2.6031653970419333	0	0	0
1.9814296	0	2.6031653970419333	0	0	0
2.1056433	0	2.6031653970419333	0	0	0
2.227903	0	2.6031653970419333	0	0	0
2.227903	0	2.6031653970419333	0	0	0
2.227903	0	2.6031653970419333	0	0	0
2.3533136	0	2.6031653970419333	0	0	0
2.3533136	0	2.6031653970419333	0	0	0
2.475515	0	2.6031653970419333	0	0	0
2.475515	0	2.6031653970419333	0	0	0
2.5992714	0	2.6031653970419333	0	0	0
2.5992714	0	2.6031653970419333	0	0	0
2.7235008	0	2.6031653970419333	0	0	0
2.7235008	0	2.604699377829819	0	0	0
2.8468893	0	2.604699377829819	0	0	0
2.8468893	0	2.604699377829819	0	0	0
2.9709701	0	2.604699377829819	0	0	0
2.9709701	0	2.604699377829819	0	0	0
3.0937316	0	2.604699377829819	0	0	0
3.0937316	0	2.604699377829819	0	0	0
3.2196072	0	2.604699377829819	0	0	0
3.2196072	0	2.604699377829819	0	0	0
3.3430789	0	2.604699377829819	0	0	0
3.3430789	0	2.604699377829819	0	0	0
3.4653127	0	2.604699377829819	0	0	0
3.4653127	0	2.604699377829819	0	0	0
3.5896281	0	2.604699377829819	0	0	0
3.71372	0	2.604699377829819	0	0	0
3.71372	0	2.604699377829819	0	0	0
3.71372	0	2.604699377829819	0	0	0
3.8377877	0	2.604699377829819	0	0	0
3.8377877	0	2.604699377829819	0	0	0
3.9617175	0	2.604699377829819	0	0	0
3.9617175	0	2.6031653970419333	0	0	0
4.0862166	0	2.6031653970419333	0	0	0
4.2100214	0	2.604699377829819	0	0	0
4.2100214	0	2.604699377829819	0	0	0
4.2100214	0	2.604699377829819	0	0	0
4.3338653	0	2.604699377829819	0	0	0
4.3338653	0	2.604699377829819	0	0	0
4.459087	0	2.604699377829819	0	0	0
4.459087	0	2.604699377829819	0	0	0
4.5822996	0	2.604699377829819	0	0	0
4.5822996	0	2.604699377829819	0	0	0
4.7059496	0	2.604699377829819	0	0	0
4.8293909	0	2.604699377829819	0	0	0
4.8293909	0	2.604699377829819	0	0	0
4.9527409	0	2.6031653970419333	0	0	0
4.9527409	0	2.6031653970419333	0	0	0
5.0763133	0	2.604699377829819	0	0	0
5.0763133	1	2.604699377829819	0	-1	0.29442887719144284
5.1988265	1	2.59702947389039	0	-1	0.29442887719144284
5.1988265	1	2.59702947389039	0	-1	0.3120799392981398
5.1988265	1	2.4697090684958827	0	-1	0.3120799392981398
5.3217331	1	2.4697090684958827	0	-1	0.5879005493605509
5.3217331	1	2.3239808936467465	0	-1	0.5879005493605509
5.4438024	1	2.3239808936467465	0	-1	0.8638079667421505
5.4438024	1	2.2043303921916664	0	-1	0.8638079667421505
5.5685249	1	2.2043303921916664	0	-1	1.058589786160179
5.5685249	1	2.0739420252213865	0	-1	1.058589786160179
5.6920434	1	2.0739420252213865	0	-1	1.2382498655364897
5.6920434	1	1.9450876390389933	0	-1	1.2382498655364897
5.8156402	1	1.9450876390389933	0	-1	1.3823917310904155
5.938601	1	1.817767233644485	0	-1	1.3823917310904155
5.938601	1	1.817767233644485	0	-1	1.4922013437389896
5.938601	1	1.6919808090378625	0	-1	1.4922013437389896
6.0621675	1	1.6919808090378625	0	-1	1.5688505458168969
6.0621675	1	1.56619438443124	0	-1	1.5688505458168969
6.1859514	1	1.56619438443124	0	-1	1.613855298664169
6.1859514	1	1.4388739790367318	0	-1	1.613855298664169
6.308814	1	1.4388739790367318	0	-1	1.6271832257569356
6.4317794	1	1.31615551600588	0	-1	1.6271832257569356
6.4317794	1	1.31615551600588	0	-1	1.6093450349140106
6.5559886	1	1.1919030721871433	0	-1	1.6093450349140106
6.5559886	1	1.1919030721871433	0.11508154698908886	-1	1.5605971279573583
6.5559886	1	1.0661166475805208	0.11508154698908886	-1	1.5605971279573583
6.680896	1	1.0661166475805208	0.4235782549231312	-1	1.4797958997169838
6.680896	1	0.9556700308527546	0.4235782549231312	-1	1.4797958997169838
6.8036663	1	0.9556700308527546	0.570168519687439	-1	1.3827573396239123
6.8036663	1	0.900446722488871	0.570168519687439	-1	1.3827573396239123
6.9284807	1	0.900446722488871	0.6231036132692679	-1	1.3250892182174185
7.0521212	1	0.8452234141249884	0.6231036132692679	-1	1.3250892182174185
7.0521212	1	0.8452234141249884	0.6674941500283166	-1	1.2613218692376207
7.0521212	1	0.8022719520641903	0.6674941500283166	-1	1.2613218692376207
7.1753405	1	0.8022719520641903	0.6975529780724549	-1	1.2075082923261098
7.2988357	1	0.7608544707912781	0.6975529780724549	-1	1.2075082923261098
7.2988357	1	0.7608544707912781	0.7236216861203572	-1	1.152122279745185
7.2988357	1	0.7209709703062512	0.7236216861203572	-1	1.152122279745185
7.4215011	1	0.7209709703062512	0.7465129550600207	-1	1.0955450332181775
7.4215011	1	0.6872233929727671	0.7465129550600207	-1	1.0955450332181775
7.546758	1	0.6872233929727671	0.7644697869627708	-1	1.045187107971728
7.669895	1	0.6550097964271688	0.7644697869627708	-1	1.045187107971728
7.669895	1	0.6550097964271688	0.7805869948730145	-1	0.9949933326843754
7.669895	1	0.627398142245227	0.7805869948730145	-1	0.9949933326843754
7.7936604	1	0.627398142245227	0.7937151439161491	-1	0.9503182225893501
7.9171357	1	0.5997864880632857	0.7937151439161491	-1	0.9503182225893501
7.9171357	1	0.5997864880632857	0.8062926589304643	-1	0.9041183056009992
7.9171357	1	0.5752427954571155	0.8062926589304643	-1	0.9041183056009992
8.0395357	1	0.5752427954571155	0.8170680798958011	-1	0.8617716279231291
8.1618573	1	0.5522330836388307	0.8170680798958011	-1	0.8617716279231291
8.1618573	1	0.5522330836388307	0.8268672179915617	-1	0.8209774274683406
8.2860991	1	0.5261554102447747	0.8268672179915617	-1	0.8209774274683406
8.2860991	1	0.5261554102447747	0.8376650846194579	-1	0.7734639154869114
8.2860991	1	0.5077476407901473	0.8376650846194579	-1	0.7734639154869114
8.4112704	1	0.5077476407901473	0.8451163978144054	-1	0.7391060880769165
8.5347187	1	0.4862719097597483	0.8451163978144054	-1	0.7391060880769165
8.5347187	1	0.4862719097597483	0.8536572925603936	-1	0.6981654287696212
8.5347187	1	0.46939812109300627	0.8536572925603936	-1	0.6981654287696212
8.6588151	1	0.46939812109300627	0.8602699737848509	-1	0.6653506661944771
8.6588151	1	0.4509903516383784	0.8602699737848509	-1	0.6653506661944771
8.7827934	1	0.4509903516383784	0.8674028088980957	-1	0.6289032885973306
8.9073639	1	0.43565054375952217	0.8674028088980957	-1	0.6289032885973306
8.9073639	1	0.43565054375952217	0.8732950309936598	-1	0.5980127925803699
8.9073639	1	0.41570879351700896	0.8732950309936598	-1	0.5980127925803699
9.0308357	1	0.41570879351700896	0.8809038428209688	-1	0.5571515717380977
9.153298	1	0.4034369472139234	0.8809038428209688	-1	0.5571515717380977
9.153298	1	0.4034369472139234	0.8855677491780162	-1	0.5316108847602521
9.153298	1	0.3865631585471814	0.8855677491780162	-1	0.5316108847602521
9.2769926	1	0.3865631585471814	0.8919719741485165	-1	0.4960006428806766
9.2769926	1	0.3742913122440963	0.8919719741485165	-1	0.4960006428806766
9.400417	1	0.3742913122440963	0.8966329525072945	-1	0.46974461439732074
9.5249397	1	0.35741752357735423	0.8966329525072945	-1	0.46974461439732074
9.5249397	1	0.35741752357735423	0.9030628738383981	-1	0.4331507779476675
9.5249397	1	0.34667965806215495	0.9030628738383981	-1	0.4331507779476675
9.6490555	1	0.34667965806215495	0.9071770850211122	-1	0.40956730088681254
9.7729821	1	0.3359417925469552	0.9071770850211122	-1	0.40956730088681254
9.7729821	1	0.3359417925469552	0.9113170252922063	-1	0.3857532203143116
9.7729821	1	0.3221359654559848	0.9113170252922063	-1	0.3857532203143116
9.89733	1	0.3221359654559848	0.9166906004524555	-1	0.35479627074480274
9.89733	1	0.31139809994078504	0.9166906004524555	-1	0.35479627074480274
10.0225442	1	0.31139809994078504	0.9209212861101236	-1	0.33045509643139886
10.0225442	1	0.3037281960013569	0.9209212861101236	-1	0.33045509643139886
10.1443497	1	0.3037281960013569	0.9239773447188452	-1	0.31292735752694056
10.2683968	1	0.2960582920619288	0.9239773447188452	-1	0.31292735752694056
10.2683968	1	0.2960582920619288	0.9270671315601419	-1	0.2952819637696021
10.3938799	1	0.28532042654672907	0.9270671315601419	-1	0.2952819637696021
10.3938799	1	0.28532042654672907	0.9314599067502837	-1	0.2703807523564889
10.5180936	1	0.2761165418194156	0.9314599067502837	-1	0.2703807523564889
10.5180936	1	0.2761165418194156	0.9352995457983762	-1	0.24885331528904306
10.5180936	1	0.268446637879987	0.9352995457983762	-1	0.24885331528904306
10.6412629	1	0.268446637879987	0.9385619803822487	-1	0.23078436406133515
10.7658621	1	0.25924275315267353	0.9385619803822487	-1	0.23078436406133515
10.7658621	1	0.25924275315267353	0.9425665544250068	-1	0.20894631818228585
10.8909903	1	0.2500388684253596	0.9425665544250068	-1	0.20894631818228585
10.8909903	1	0.2500388684253596	0.9466885648395291	-1	0.1869388493150881
11.0146535	1	0.24543692606170264	0.9466885648395291	-1	0.1869388493150881
11.0146535	1	0.24543692606170264	0.9488016532377127	-1	0.17587158126093397
11.1377991	1	0.23930100291015988	0.9488016532377127	-1	0.1610493371377819
11.1377991	1	0.23930100291015988	0.9516821480192071	-1	0.1610493371377819
11.1377991	1	0.2346990605465029	0.9516821480192071	-1	0.1610493371377819
11.2610986	1	0.2346990605465029	0.9538962014972162	-1	0.14988323900720849
11.3842427	1	0.2270291566070748	0.9538962014972162	-1	0.14988323900720849
11.3842427	1	0.2270291566070748	0.9577067046449205	-1	0.13117895157394904
11.3842427	1	0.22089323345553247	0.9577067046449205	-1	0.13117895157394904
11.5091726	1	0.22089323345553247	0.9608845489100888	-1	0.11613081013326823
11.6339333	1	0.2162912910918755	0.9608845489100888	-1	0.11613081013326823
11.6339333	1	0.2162912910918755	0.9633594351363025	-1	0.10479528901454745
11.7578967	1	0.20862138715244738	0.9633594351363025	-1	0.10479528901454745
11.7578967	1	0.20862138715244738	0.9677013419301814	-1	0.08580862993437574
11.8824184	1	0.20401944478879042	0.9677013419301814	-1	0.08580862993437574
11.8824184	1	0.20401944478879042	0.9704700077610018	-1	0.07436016015689004
12.0049129	1	0.2024854640009046	0.9704700077610018	-1	0.07436016015689004
12.0049129	1	0.2024854640009046	0.9714263205562976	-1	0.07053459117616404
12.0049129	1	0.2009514832130188	0.9714263205562976	-1	0.07053459117616404
12.1279173	1	0.2009514832130188	0.9724016176596455	-1	0.06670431600132282
12.2526307	1	0.1948155600614765	0.9724016176596455	-1	0.06670431600132282
12.2526307	1	0.1948155600614765	0.9765297697029993	-1	0.05133615336080812
12.3791855	1	0.1948155600614765	0.9765297697029993	-1	0.05133615336080812
12.3791855	1	0.1948155600614765	0.9765297697029993	-1	0.05133615336080812
12.5047961	1	0.19021361769781953	0.9765297697029993	-1	0.05133615336080812
12.5047961	1	0.19021361769781953	0.9799392990353437	-1	0.0397606163422119
12.5047961	1	0.18714565612204836	0.9799392990353437	-1	0.0397606163422119
12.6287755	1	0.18714565612204836	0.9824259709702483	-1	0.03202006069257211
12.7506219	1	0.18561167533416256	0.9824259709702483	-1	0.03202006069257211
12.7506219	1	0.18561167533416256	0.9837553413299888	-1	0.028142723576578838
12.8744999	1	0.17794177139473444	0.9837553413299888	-1	0.028142723576578838
12.8744999	1	0.17794177139473444	0.9920248281536718	-1	0.008685445084886684
12.8744999	1	0.17794177139473444	0.9920248281536718	-1	0.008685445084886684
12.9981293	1	0.17794177139473444	0.9920248281536718	-1	0.008685445084886684
13.1204281	1	0.17794177139473444	0.9920248281536718	-1	0.008685445084886684
13.1204281	1	0.17794177139473444	0.9920248281536718	-1	0.008685445084886684
13.2455756	1	0.17794177139473444	0.9920248281536718	-1	0.008685445084886684
13.2455756	1	0.17794177139473444	0.9920248281536718	-1	0.008685445084886684
13.2455756	1	0.17794177139473444	0.9920248281536718	-1	0.008685445084886684
13.369771	1	0.17794177139473444	0.9920248281536718	-1	0.008685445084886684
13.4932833	1	0.17794177139473444	0.9920248281536718	-1	0.008685445084886684
13.4932833	1	0.17794177139473444	0.9920248281536718	-1	0.008685445084886684
13.616494	1	0.17794177139473444	0.9920248281536718	-1	0.008685445084886684
13.616494	1	0.17794177139473444	0.9920248281536718	-1	0.008685445084886684
13.7394243	1	0.17794177139473444	0.9920248281536718	-1	0.008685445084886684
13.7394243	1	0.17794177139473444	0.9920248281536718	-1	0.008685445084886684
13.8618042	1	0.17794177139473444	0.9920248281536718	-1	0.008685445084886684
13.8618042	1	0.17794177139473444	0.9920248281536718	-1	0.008685445084886684
13.9856783	1	0.17794177139473444	0.9920248281536718	-1	0.008685445084886684
13.9856783	1	0.17794177139473444	0.9920248281536718	-1	0.008685445084886684
13.9856783	1	0.17794177139473444	0.9920248281536718	-1	0.008685445084886684
14.109095	1	0.17794177139473444	0.9920248281536718	-1	0.008685445084886684
14.109095	1	0.17794177139473444	0.9920248281536718	-1	0.008685445084886684
14.2330242	1	0.17794177139473444	0.9920248281536718	-1	0.008685445084886684
14.2330242	1	0.17794177139473444	0.9920248281536718	-1	0.008685445084886684
14.3585603	1	0.17794177139473444	0.9920248281536718	-1	0.008685445084886684
14.4836758	1	0.17794177139473444	0.9920248281536718	-1	0.008685445084886684
14.4836758	1	0.17794177139473444	0.9920248281536718	-1	0.008685445084886684
14.6083307	1	0.17794177139473444	0.9920248281536718	-1	0.008685445084886684
14.6083307	1	0.17794177139473444	0.9920248281536718	-1	0.008685445084886684
14.7316683	1	0.17794177139473444	0.9920248281536718	-1	0.008685445084886684
14.7316683	1	0.17794177139473444	0.9920248281536718	-1	0.008685445084886684
14.8559378	1	0.17794177139473444	0.9920248281536718	-1	0.008685445084886684
14.8559378	1	0.17794177139473444	0.9920248281536718	-1	0.008685445084886684
14.9805767	1	0.17794177139473444	0.9920248281536718	-1	0.008685445084886684
14.9805767	1	0.17794177139473444	0.9920248281536718	-1	0.008685445084886684
15.1043894	1	0.17794177139473444	0.9920248281536718	-1	0.008685445084886684
15.1043894	1	0.17794177139473444	0.9920248281536718	-1	0.008685445084886684
15.2285107	1	0.17794177139473444	0.9920248281536718	-1	0.008685445084886684
15.2285107	1	0.17794177139473444	0.9920248281536718	-1	0.008685445084886684
15.2285107	1	0.17794177139473444	0.9920248281536718	-1	0.008685445084886684
15.352	1	0.17794177139473444	0.9920248281536718	-1	0.008685445084886684
15.352	1	0.17794177139473444	0.9920248281536718	-1	0.008685445084886684
15.4755303	1	0.17794177139473444	0.9920248281536718	-1	0.008685445084886684
15.6002074	1	0.17794177139473444	0.9920248281536718	-1	0.008685445084886684
15.6002074	1	0.17794177139473444	0.9920248281536718	-1	0.008685445084886684
15.6002074	1	0.17794177139473444	0.9920248281536718	-1	0.008685445084886684
15.7241937	1	0.17794177139473444	0.9920248281536718	-1	0.008685445084886684
15.7241937	1	0.17794177139473444	0.9920248281536718	-1	0.008685445084886684
15.8473428	1	0.17794177139473444	0.9920248281536718	-1	0.008685445084886684
15.971574	1	0.17794177139473444	0.9920248281536718	-1	0.008685445084886684
15.971574	1	0.17794177139473444	0.9920248281536718	-1	0.008685445084886684
15.971574	1	0.17794177139473444	0.9920248281536718	-1	0.008685445084886684
16.0959924	1	0.17794177139473444	0.9920248281536718	-1	0.008685445084886684
16.2203162	1	0.17794177139473444	0.9920248281536718	-1	0.008685445084886684
16.2203162	1	0.17794177139473444	0.9920248281536718	-1	0.008685445084886684
16.2203162	1	0.17794177139473444	0.9920248281536718	-1	0.008685445084886684
16.3428557	1	0.17794177139473444	0.9920248281536718	-1	0.008685445084886684
16.467272	1	0.17794177139473444	0.9920248281536718	-1	0.008685445084886684
16.467272	1	0.17794177139473444	0.9920248281536718	-1	0.008685445084886684
16.467272	1	0.17794177139473444	0.9920248281536718	-1	0.008685445084886684
16.5924909	1	0.17794177139473444	0.9920248281536718	-1	0.008685445084886684
16.716389	1	0.17794177139473444	0.9920248281536718	-1	0.008685445084886684
16.716389	1	0.17794177139473444	0.9920248281536718	-1	0.008685445084886684
16.716389	1	0.17794177139473444	0.9920248281536718	-1	0.008685445084886684
16.840674	1	0.17794177139473444	0.9920248281536718	-1	0.008685445084886684
16.9651908	1	0.17794177139473444	0.9920248281536718	-1	0.008685445084886684
16.9651908	1	0.17794177139473444	0.9920248281536718	-1	0.008685445084886684
17.0902535	1	0.17794177139473444	0.9920248281536718	-1	0.008685445084886684
17.0902535	1	0.17794177139473444	0.9920248281536718	-1	0.008685445084886684
17.0902535	1	0.17794177139473444	0.9920248281536718	-1	0.008685445084886684
17.2120561	1	0.17794177139473444	0.9920248281536718	-1	0.008685445084886684
17.3354307	1	0.17794177139473444	0.9920248281536718	-1	0.008685445084886684
17.3354307	1	0.17794177139473444	0.9920248281536718	-1	0.008685445084886684
17.460553	1	0.17794177139473444	0.9920248281536718	-1	0.008685445084886684
17.460553	1	0.17794177139473444	0.9920248281536718	-1	0.008685445084886684
17.5835714	1	0.17794177139473444	0.9920248281536718	-1	0.008685445084886684
17.5835714	1	0.17794177139473444	0.9920248281536718	-1	0.008685445084886684
17.7078746	1	0.17794177139473444	0.9920248281536718	-1	0.008685445084886684
17.7078746	1	0.17794177139473444	0.9920248281536718	-1	0.008685445084886684
17.8319487	1	0.17794177139473444	0.9920248281536718	-1	0.008685445084886684
17.8319487	1	0.17794177139473444	0.9920248281536718	-1	0.008685445084886684
17.9549758	1	0.17794177139473444	0.9920248281536718	-1	0.008685445084886684
17.9549758	1	0.17794177139473444	0.9920248281536718	-1	0.008685445084886684
18.0791603	1	0.17794177139473444	0.9920248281536718	-1	0.008685445084886684
18.0791603	1	0.17794177139473444	0.9920248281536718	-1	0.008685445084886684
18.2020789	1	0.17794177139473444	0.9920248281536718	-1	0.008685445084886684
18.2020789	1	0.17794177139473444	0.9920248281536718	-1	0.008685445084886684
18.3264169	1	0.17794177139473444	0.9920248281536718	-1	0.008685445084886684
18.3264169	1	0.17794177139473444	0.9920248281536718	-1	0.008685445084886684
18.4496727	1	0.17794177139473444	0.9920248281536718	-1	0.008685445084886684
18.4496727	1	0.17794177139473444	0.9920248281536718	-1	0.008685445084886684
18.5734164	1	0.17794177139473444	0.9920248281536718	-1	0.008685445084886684
18.5734164	1	0.17794177139473444	0.9920248281536718	-1	0.008685445084886684
18.5734164	1	0.17794177139473444	0.9920248281536718	-1	0.008685445084886684
18.697743	1	0.17794177139473444	0.9920248281536718	-1	0.008685445084886684
18.821669	1	0.17794177139473444	0.9920248281536718	-1	0.008685445084886684
18.821669	1	0.17794177139473444	0.9920248281536718	-1	0.008685445084886684
18.9439585	1	0.17794177139473444	0.9920248281536718	-1	0.008685445084886684
18.9439585	1	0.17794177139473444	0.9920248281536718	-1	0.008685445084886684
18.9439585	1	0.17794177139473444	0.9920248281536718	-1	0.008685445084886684
19.0693151	1	0.17794177139473444	0.9920248281536718	-1	0.008685445084886684
19.0693151	1	0.17794177139473444	0.9920248281536718	-1	0.008685445084886684
19.1942015	1	0.17794177139473444	0.9920248281536718	-1	0.008685445084886684
19.1942015	1	0.17794177139473444	0.9920248281536718	-1	0.008685445084886684
19.3181956	1	0.17794177139473444	0.9920248281536718	-1	0.008685445084886684
19.3181956	1	0.17794177139473444	0.9920248281536718	-1	0.008685445084886684
19.4416193	1	0.17794177139473444	0.9920248281536718	-1	0.008685445084886684
19.5654195	1	0.17794177139473444	0.9920248281536718	-1	0.008685445084886684
19.5654195	1	0.17794177139473444	0.9920248281536718	-1	0.008685445084886684
19.6882692	1	0.17794177139473444	0.9920248281536718	-1	0.008685445084886684
19.6882692	1	0.17794177139473444	0.9920248281536718	-1	0.008685445084886684
19.6882692	1	0.17794177139473444	0.9920248281536718	-1	0.008685445084886684
19.8119918	1	0.17794177139473444	0.9920248281536718	-1	0.008685445084886684
19.9362861	1	0.17794177139473444	0.9920248281536718	-1	0.008685445084886684
19.9362861	1	0.17794177139473444	0.9920248281536718	-1	0.008685445084886684
20.0606841	1	0.17794177139473444	0.9920248281536718	-1	0.008685445084886684
