time	mode	theta	u	uh	u+uh	h
4.8E-06	0	2.606233358617704	0	0	0	0
4.8E-06	0	2.606233358617704	0	0	0	0
4.8E-06	0	2.606233358617704	0	0	0	0
0.1215658	0	2.606233358617704	0	0	0	0
0.1215658	0	2.606233358617704	0	0	0	0
0.2456849	0	2.606233358617704	0	0	0	0
0.2456849	0	2.606233358617704	0	0	0	0
0.3691781	0	2.606233358617704	0	0	0	0
0.3691781	0	2.606233358617704	0	0	0	0
0.4910232	0	2.606233358617704	0	0	0	0
0.4910232	0	2.606233358617704	0	0	0	0
0.6141459	0	2.606233358617704	0	0	0	0
0.6141459	0	2.606233358617704	0	0	0	0
0.7376067	0	2.606233358617704	0	0	0	0
0.7376067	0	2.604699377829819	0	0	0	0
0.8605248	0	2.604699377829819	0	0	0	0
0.8605248	0	2.606233358617704	0	0	0	0
0.9830686	0	2.606233358617704	0	0	0	0
0.9830686	0	2.606233358617704	0	0	0	0
1.1072742	0	2.606233358617704	0	0	0	0
1.1072742	0	2.606233358617704	0	0	0	0
1.2301547	0	2.606233358617704	0	0	0	0
1.2301547	0	2.606233358617704	0	0	0	0
1.3561155	0	2.606233358617704	0	0	0	0
1.3561155	0	2.606233358617704	0	0	0	0
1.4807818	0	2.606233358617704	0	0	0	0
1.4807818	0	2.606233358617704	0	0	0	0
1.6058744	0	2.606233358617704	0	0	0	0
1.6058744	0	2.606233358617704	0	0	0	0
1.7289038	0	2.606233358617704	0	0	0	0
1.7289038	0	2.606233358617704	0	0	0	0
1.8532801	0	2.606233358617704	0	0	0	0
1.8532801	0	2.606233358617704	0	0	0	0
1.97575	0	2.606233358617704	0	0	0	0
1.97575	0	2.606233358617704	0	0	0	0
2.099768	0	2.606233358617704	0	0	0	0
2.099768	0	2.606233358617704	0	0	0	0
2.2240113	0	2.606233358617704	0	0	0	0
2.2240113	0	2.606233358617704	0	0	0	0
2.3490775	0	2.606233358617704	0	0	0	0
2.3490775	0	2.606233358617704	0	0	0	0
2.4735641	0	2.606233358617704	0	0	0	0
2.4735641	0	2.606233358617704	0	0	0	0
2.5971132	0	2.606233358617704	0	0	0	0
2.5971132	0	2.606233358617704	0	0	0	0
2.7196121	0	2.606233358617704	0	0	0	0
2.7196121	0	2.606233358617704	0	0	0	0
2.8433875	0	2.606233358617704	0	0	0	0
2.8433875	0	2.606233358617704	0	0	0	0
2.9651825	0	2.606233358617704	0	0	0	0
2.9651825	0	2.604699377829819	0	0	0	0
3.0876544	0	2.604699377829819	0	0	0	0
3.0876544	0	2.606233358617704	0	0	0	0
3.2114683	0	2.606233358617704	0	0	0	0
3.2114683	0	2.606233358617704	0	0	0	0
3.3351804	0	2.606233358617704	0	0	0	0
3.3351804	0	2.606233358617704	0	0	0	0
3.4577366	0	2.606233358617704	0	0	0	0
3.4577366	0	2.606233358617704	0	0	0	0
3.5819913	0	2.606233358617704	0	0	0	0
3.5819913	0	2.606233358617704	0	0	0	0
3.704556	0	2.606233358617704	0	0	0	0
3.704556	0	2.606233358617704	0	0	0	0
3.8276905	0	2.606233358617704	0	0	0	0
3.8276905	0	2.606233358617704	0	0	0	0
3.9511038	0	2.606233358617704	0	0	0	0
3.9511038	0	2.606233358617704	0	0	0	0
4.0763413	0	2.606233358617704	0	0	0	0
4.0763413	0	2.606233358617704	0	0	0	0
4.2006536	0	2.606233358617704	0	0	0	0
4.2006536	0	2.606233358617704	0	0	0	0
4.3264407	0	2.606233358617704	0	0	0	0
4.3264407	0	2.606233358617704	0	0	0	0
4.4487223	0	2.606233358617704	0	0	0	0
4.4487223	0	2.606233358617704	0	0	0	0
4.5709949	0	2.606233358617704	0	0	0	0
4.5709949	0	2.606233358617704	0	0	0	0
4.6947125	0	2.606233358617704	0	0	0	0
4.6947125	0	2.606233358617704	0	0	0	0
4.8184518	0	2.606233358617704	0	0	0	0
4.8184518	0	2.606233358617704	0	0	0	0
4.9419094	0	2.606233358617704	0	0	0	0
4.9419094	0	2.606233358617704	0	0	0	0
5.0645452	1	2.606233358617704	0	-1	-1	0.29088454618775983
5.0645452	1	2.598563454678276	0	-1	-1	0.29088454618775983
5.1884475	1	2.598563454678276	0	-1	-1	0.30855913926503087
5.1884475	1	2.468175087707997	0	-1	-1	0.30855913926503087
5.3294572	1	2.468175087707997	0	-1	-1	0.5910260290879826
5.3294572	1	2.3071071049800045	0	-1	-1	0.5910260290879826
5.4542683	1	2.3071071049800045	0	-1	-1	0.8930114302171714
5.4542683	1	2.182854661161268	0	-1	-1	0.8930114302171714
5.5779821	1	2.182854661161268	0	-1	-1	1.0905198365327098
5.5779821	1	2.0540002749788737	0	-1	-1	1.0905198365327098
5.701259	1	2.0540002749788737	0	-1	-1	1.262729443789716
5.701259	1	1.9266798695843654	0	-1	-1	1.262729443789716
5.8240607	1	1.9266798695843654	0	-1	-1	1.4002726583591902
5.8240607	1	1.7962915026140855	0	-1	-1	1.4002726583591902
5.9471889	1	1.7962915026140855	0	-1	-1	1.5075279412730798
5.9471889	1	1.6720390587953489	0	-1	-1	1.5075279412730798
6.0706851	1	1.6720390587953489	0	-1	-1	1.578096173719207
6.0706851	1	1.5477866149766122	0	-1	-1	1.578096173719207
6.1940025	1	1.5477866149766122	0	-1	-1	1.6177870665754774
6.1940025	1	1.4220001903699897	0	-1	-1	1.6177870665754774
6.3178899	1	1.4220001903699897	0	-1	-1	1.6265164751827534
6.3178899	1	1.299281727339138	0	-1	-1	1.6265164751827534
6.4429289	1	1.299281727339138	0	-1	-1	1.6045368335184487
6.4429289	1	1.1704273411567439	0	-1	-1	1.6045368335184487
6.5660974	1	1.1704273411567439	0.031041553324207306	-1	-0.9689584466757927	1.5490419447053998
6.5660974	1	1.0446409165501214	0.031041553324207306	-1	-0.9689584466757927	1.5490419447053998
6.6902204	1	1.0446409165501214	0.3687716509031578	-1	-0.6312283490968422	1.4628380056207704
6.6902204	1	0.9295923574586986	0.3687716509031578	-1	-0.6312283490968422	1.4628380056207704
6.8154775	1	0.9295923574586986	0.5440854197154998	-1	-0.45591458028450016	1.3562852215315626
6.8154775	1	0.8620972027917304	0.5440854197154998	-1	-0.45591458028450016	1.3562852215315626
6.9390529	1	0.8620972027917304	0.6186778706342078	-1	-0.38132212936579224	1.2814534386722884
6.9390529	1	0.8068738944278473	0.6186778706342078	-1	-0.38132212936579224	1.2814534386722884
7.0642194	1	0.8068738944278473	0.669909562334814	-1	-0.330090437665186	1.2134505149888062
7.0642194	1	0.7623884515791635	0.669909562334814	-1	-0.330090437665186	1.2134505149888062
7.1871994	1	0.7623884515791635	0.7063253309623937	-1	-0.2936746690376063	1.1542347940679758
7.1871994	1	0.7194369895183659	0.7063253309623937	-1	-0.2936746690376063	1.1542347940679758
7.3109332	1	0.7194369895183659	0.7381777642468229	-1	-0.2618222357531771	1.0933054516542764
7.3109332	1	0.6872233929727671	0.7381777642468229	-1	-0.2618222357531771	1.0933054516542764
7.433577	1	0.6872233929727671	0.7602689748268044	-1	-0.23973102517319556	1.045187107971728
7.433577	1	0.653475815639283	0.7602689748268044	-1	-0.23973102517319556	1.045187107971728
7.5577233	1	0.653475815639283	0.7819850490565678	-1	-0.21801495094343215	0.9925513847735197
7.5577233	1	0.627398142245227	0.7819850490565678	-1	-0.21801495094343215	0.9925513847735197
7.6815664	1	0.627398142245227	0.7978773566625527	-1	-0.20212264333744734	0.9503182225893501
7.6815664	1	0.5997864880632857	0.7978773566625527	-1	-0.20212264333744734	0.9503182225893501
7.8052336	1	0.5997864880632857	0.8139472109363302	-1	-0.18605278906366984	0.9041183056009992
7.8052336	1	0.5783107570328867	0.8139472109363302	-1	-0.18605278906366984	0.9041183056009992
7.9316748	1	0.5783107570328867	0.8259538915066712	-1	-0.1740461084933288	0.8671308493504756
7.9316748	1	0.5537670644267165	0.8259538915066712	-1	-0.1740461084933288	0.8671308493504756
8.0545657	1	0.5537670644267165	0.8391918745691548	-1	-0.16080812543084522	0.8237299841907998
8.0545657	1	0.5322913333963175	0.8391918745691548	-1	-0.16080812543084522	0.8237299841907998
8.1772738	1	0.5322913333963175	0.8503828011124429	-1	-0.1496171988875571	0.7847659264118904
8.1772738	1	0.5123495831538043	0.8503828011124429	-1	-0.1496171988875571	0.7847659264118904
8.3006371	1	0.5123495831538043	0.860469576974986	-1	-0.13953042302501395	0.7477590785499707
8.3006371	1	0.49394181369917645	0.860469576974986	-1	-0.13953042302501395	0.7477590785499707
8.4237023	1	0.49394181369917645	0.8695362334117642	-1	-0.13046376658823577	0.7128929821755329
8.4237023	1	0.4770680250324344	0.8695362334117642	-1	-0.13046376658823577	0.7128929821755329
8.5474277	1	0.4770680250324344	0.8776530692057692	-1	-0.12234693079423076	0.680337060276725
8.5474277	1	0.46172821715357815	0.8776530692057692	-1	-0.12234693079423076	0.680337060276725
8.6736103	1	0.46172821715357815	0.8848790202902814	-1	-0.11512097970971857	0.6502466172593491
8.6736103	1	0.44792239006260726	0.8848790202902814	-1	-0.11512097970971857	0.6502466172593491
8.7967071	1	0.44792239006260726	0.8912635182644238	-1	-0.10873648173557615	0.6227628389468602
8.7967071	1	0.43411656297163637	0.8912635182644238	-1	-0.10873648173557615	0.6227628389468602
8.9192855	1	0.43411656297163637	0.8975401738276724	-1	-0.10245982617232763	0.5948978589110399
8.9192855	1	0.4172427743048943	0.8975401738276724	-1	-0.10245982617232763	0.5948978589110399
9.0429626	1	0.4172427743048943	0.9050714962629969	-1	-0.09492850373700312	0.5603229797368093
9.0429626	1	0.4080388895775804	0.9050714962629969	-1	-0.09492850373700312	0.5603229797368093
9.1657441	1	0.4080388895775804	0.909117000446016	-1	-0.09088299955398405	0.5412239388328081
9.1657441	1	0.3957670432744953	0.909117000446016	-1	-0.09088299955398405	0.5412239388328081
9.2914999	1	0.3957670432744953	0.9144448852691673	-1	-0.08555511473083266	0.5154950040903551
9.2914999	1	0.3834951969714102	0.9144448852691673	-1	-0.08555511473083266	0.5154950040903551
9.4159556	1	0.3834951969714102	0.9196995942459547	-1	-0.08030040575404529	0.4894648729245291
9.4159556	1	0.3727573314562109	0.9196995942459547	-1	-0.08030040575404529	0.4894648729245291
9.5396953	1	0.3727573314562109	0.9242394031749935	-1	-0.07576059682500647	0.4664414329633835
9.5396953	1	0.3620194659410112	0.9242394031749935	-1	-0.07576059682500647	0.4664414329633835
9.6643106	1	0.3620194659410112	0.9287267020560582	-1	-0.07127329794394177	0.44318738949059183
9.6643106	1	0.3543495620015831	0.9287267020560582	-1	-0.07127329794394177	0.44318738949059183
9.7857822	1	0.3543495620015831	0.9319006215848727	-1	-0.06809937841512725	0.4264361726151423
9.7857822	1	0.34514567727426915	0.9319006215848727	-1	-0.06809937841512725	0.4264361726151423
9.910243	1	0.34514567727426915	0.9356757617964329	-1	-0.06432423820356714	0.4061794079588006
9.910243	1	0.337475773334841	0.9356757617964329	-1	-0.06432423820356714	0.4061794079588006
10.033471	1	0.337475773334841	0.9387943595519153	-1	-0.06120564044808474	0.3891693504070148
10.033471	1	0.32673790781964174	0.9387943595519153	-1	-0.06120564044808474	0.3891693504070148
10.1580612	1	0.32673790781964174	0.9431196485153007	-1	-0.056880351484699276	0.3651576096816762
10.1580612	1	0.31906800388021317	0.9431196485153007	-1	-0.056880351484699276	0.3651576096816762
10.2819511	1	0.31906800388021317	0.9461807060124524	-1	-0.05381929398754759	0.3478651804829771
10.2819511	1	0.31446606151655665	0.9461807060124524	-1	-0.05381929398754759	0.3478651804829771
10.4057272	1	0.31446606151655665	0.9480061970957001	-1	-0.05199380290429989	0.33743324863437657
10.4057272	1	0.3083301383650139	0.9480061970957001	-1	-0.05199380290429989	0.33743324863437657
10.5306936	1	0.3083301383650139	0.9504273941368115	-1	-0.04957260586318846	0.32345811945196135
10.5306936	1	0.3037281960013569	0.9504273941368115	-1	-0.04957260586318846	0.32345811945196135
10.6532507	1	0.3037281960013569	0.9522338269744075	-1	-0.047766173025592495	0.31292735752694056
10.6532507	1	0.2975922728498146	0.9522338269744075	-1	-0.047766173025592495	0.31292735752694056
10.7748744	1	0.2975922728498146	0.9546299689192737	-1	-0.04537003108072635	0.2988204549093006
10.7748744	1	0.28992236891038603	0.9546299689192737	-1	-0.04537003108072635	0.2988204549093006
10.900482	1	0.28992236891038603	0.957605478317203	-1	-0.042394521682797004	0.28108093726965705
10.900482	1	0.2837864457588437	0.957605478317203	-1	-0.042394521682797004	0.28108093726965705
11.0241312	1	0.2837864457588437	0.9599704204161836	-1	-0.040029579583816366	0.26680461166386976
11.0241312	1	0.27918450339518674	0.9599704204161836	-1	-0.040029579583816366	0.26680461166386976
11.1494475	1	0.27918450339518674	0.9617352473098268	-1	-0.038264752690173154	0.25604795242131917
11.1494475	1	0.273048580243644	0.9617352473098268	-1	-0.038264752690173154	0.25604795242131917
11.2721035	1	0.273048580243644	0.9640766799749018	-1	-0.03592332002509824	0.24163985338030508
11.2721035	1	0.268446637879987	0.9640766799749018	-1	-0.03592332002509824	0.24163985338030508
11.3967856	1	0.268446637879987	0.965824115690334	-1	-0.034175884309666005	0.23078436406133515
11.3967856	1	0.26537867630421585	0.965824115690334	-1	-0.034175884309666005	0.23078436406133515
11.5206173	1	0.26537867630421585	0.9669850070617367	-1	-0.033014992938263266	0.2235238402114462
11.5206173	1	0.2638446955163305	0.9669850070617367	-1	-0.033014992938263266	0.2235238402114462
11.64347	1	0.2638446955163305	0.967564242478642	-1	-0.032435757521357966	0.21988651899532943
11.64347	1	0.25924275315267353	0.967564242478642	-1	-0.032435757521357966	0.21988651899532943
11.768178	1	0.25924275315267353	0.9692971450668696	-1	-0.030702854933130408	0.20894631818228585
11.768178	1	0.25617479157690193	0.9692971450668696	-1	-0.030702854933130408	0.20894631818228585
11.8917115	1	0.25617479157690193	0.9704484412637601	-1	-0.029551558736239936	0.20162932000301337
11.8917115	1	0.25310683000113077	0.9704484412637601	-1	-0.029551558736239936	0.20162932000301337
12.0145567	1	0.25310683000113077	0.9715965882088958	-1	-0.02840341179110417	0.19429349704728113
12.0145567	1	0.2500388684253596	0.9715965882088958	-1	-0.02840341179110417	0.19429349704728113
12.1387082	1	0.2500388684253596	0.9727416100536118	-1	-0.027258389946388184	0.1869388493150881
12.1387082	1	0.2485048876374738	0.9727416100536118	-1	-0.027258389946388184	0.1869388493150881
12.2611786	1	0.2485048876374738	0.9733129565431647	-1	-0.026687043456835258	0.18325446615781824
12.2611786	1	0.24236896448593148	0.9733129565431647	-1	-0.026687043456835258	0.18325446615781824
12.3835813	1	0.24236896448593148	0.9755906486299888	-1	-0.024409351370011212	0.1684698715875889
12.3835813	1	0.24236896448593148	0.9755906486299888	-1	-0.024409351370011212	0.1684698715875889
12.5064848	1	0.24236896448593148	0.9755906486299888	-1	-0.024409351370011212	0.1684698715875889
12.5064848	1	0.23776702212227452	0.9755906486299888	-1	-0.024409351370011212	0.1684698715875889
12.6286493	1	0.23776702212227452	0.9772909208991167	-1	-0.022709079100883267	0.15733201062170668
12.6286493	1	0.23623304133438872	0.9772909208991167	-1	-0.022709079100883267	0.15733201062170668
12.7526185	1	0.23623304133438872	0.9778561705208368	-1	-0.022143829479163157	0.15360997791151518
12.7526185	1	0.23316507975861755	0.9778561705208368	-1	-0.022143829479163157	0.15360997791151518
12.8750133	1	0.23316507975861755	0.9789844251666054	-1	-0.021015574833394557	0.14615179390878766
12.8750133	1	0.2285631373949606	0.9789844251666054	-1	-0.021015574833394557	0.14615179390878766
12.997138	1	0.2285631373949606	0.9806712379186148	-1	-0.01932876208138523	0.13492922144883177
12.997138	1	0.2285631373949606	0.9806712379186148	-1	-0.01932876208138523	0.13492922144883177
13.119221	1	0.2285631373949606	0.9806712379186148	-1	-0.01932876208138523	0.13492922144883177
13.119221	1	0.22242721424341783	0.9806712379186148	-1	-0.01932876208138523	0.13492922144883177
13.2424635	1	0.22242721424341783	0.9829100426149815	-1	-0.017089957385018506	0.1198999047846107
13.2424635	1	0.22242721424341783	0.9829100426149815	-1	-0.017089957385018506	0.1198999047846107
13.3659996	1	0.22242721424341783	0.9829100426149815	-1	-0.017089957385018506	0.1198999047846107
13.3659996	1	0.2162912910918755	0.9829100426149815	-1	-0.017089957385018506	0.1198999047846107
13.4900616	1	0.2162912910918755	0.9851372605609212	-1	-0.014862739439078787	0.10479528901454745
13.4900616	1	0.2147573103039897	0.9851372605609212	-1	-0.014862739439078787	0.10479528901454745
13.6135171	1	0.2147573103039897	0.9856922748489422	-1	-0.014307725151057826	0.10100736958674307
13.6135171	1	0.21168934872821854	0.9856922748489422	-1	-0.014307725151057826	0.10100736958674307
13.738333	1	0.21168934872821854	0.9868001738121044	-1	-0.013199826187895614	0.09341741214878982
13.738333	1	0.20862138715244738	0.9868001738121044	-1	-0.013199826187895614	0.09341741214878982
13.8613256	1	0.20862138715244738	0.9879052508325402	-1	-0.012094749167459784	0.08580862993437574
13.8613256	1	0.20555342557667577	0.9879052508325402	-1	-0.012094749167459784	0.08580862993437574
13.9845462	1	0.20555342557667577	0.9890075267779883	-1	-0.01099247322201169	0.07818102294349974
13.9845462	1	0.2024854640009046	0.9890075267779883	-1	-0.01099247322201169	0.07818102294349974
14.1067472	1	0.2024854640009046	0.9901070223109422	-1	-0.009892977689057836	0.07053459117616404
14.1067472	1	0.2024854640009046	0.9901070223109422	-1	-0.009892977689057836	0.07053459117616404
14.2315991	1	0.2024854640009046	0.9901070223109422	-1	-0.009892977689057836	0.07053459117616404
14.2315991	1	0.2024854640009046	0.9901070223109422	-1	-0.009892977689057836	0.07053459117616404
14.3551595	1	0.2024854640009046	0.9901070223109422	-1	-0.009892977689057836	0.07053459117616404
14.3551595	1	0.2024854640009046	0.9901070223109422	-1	-0.009892977689057836	0.07053459117616404
14.4798534	1	0.2024854640009046	0.9901070223109422	-1	-0.009892977689057836	0.07053459117616404
14.4798534	1	0.2024854640009046	0.9901070223109422	-1	-0.009892977689057836	0.07053459117616404
14.6025638	1	0.2024854640009046	0.9901070223109422	-1	-0.009892977689057836	0.07053459117616404
14.6025638	1	0.2024854640009046	0.9901070223109422	-1	-0.009892977689057836	0.07053459117616404
14.7258331	1	0.2024854640009046	0.9901070223109422	-1	-0.009892977689057836	0.07053459117616404
14.7258331	1	0.2024854640009046	0.9901070223109422	-1	-0.009892977689057836	0.07053459117616404
14.8490674	1	0.2024854640009046	0.9901070223109422	-1	-0.009892977689057836	0.07053459117616404
14.8490674	1	0.2024854640009046	0.9901070223109422	-1	-0.009892977689057836	0.07053459117616404
14.9713375	1	0.2024854640009046	0.9901070223109422	-1	-0.009892977689057836	0.07053459117616404
14.9713375	1	0.2024854640009046	0.9901070223109422	-1	-0.009892977689057836	0.07053459117616404
15.0959548	1	0.2024854640009046	0.9901070223109422	-1	-0.009892977689057836	0.07053459117616404
15.0959548	1	0.2024854640009046	0.9901070223109422	-1	-0.009892977689057836	0.07053459117616404
15.220855	1	0.2024854640009046	0.9901070223109422	-1	-0.009892977689057836	0.07053459117616404
15.220855	1	0.2024854640009046	0.9901070223109422	-1	-0.009892977689057836	0.07053459117616404
15.3441593	1	0.2024854640009046	0.9901070223109422	-1	-0.009892977689057836	0.07053459117616404
15.3441593	1	0.2024854640009046	0.9901070223109422	-1	-0.009892977689057836	0.07053459117616404
15.4653867	1	0.2024854640009046	0.9901070223109422	-1	-0.009892977689057836	0.07053459117616404
15.4653867	1	0.2024854640009046	0.9901070223109422	-1	-0.009892977689057836	0.07053459117616404
15.5895027	1	0.2024854640009046	0.9901070223109422	-1	-0.009892977689057836	0.07053459117616404
15.5895027	1	0.2024854640009046	0.9901070223109422	-1	-0.009892977689057836	0.07053459117616404
15.7136491	1	0.2024854640009046	0.9901070223109422	-1	-0.009892977689057836	0.07053459117616404
15.7136491	1	0.2024854640009046	0.9901070223109422	-1	-0.009892977689057836	0.07053459117616404
15.8359515	1	0.2024854640009046	0.9901070223109422	-1	-0.009892977689057836	0.07053459117616404
15.8359515	1	0.2024854640009046	0.9901070223109422	-1	-0.009892977689057836	0.07053459117616404
15.9597604	1	0.2024854640009046	0.9901070223109422	-1	-0.009892977689057836	0.07053459117616404
15.9597604	1	0.2024854640009046	0.9901070223109422	-1	-0.009892977689057836	0.07053459117616404
16.0852401	1	0.2024854640009046	0.9901070223109422	-1	-0.009892977689057836	0.07053459117616404
16.0852401	1	0.2024854640009046	0.9901070223109422	-1	-0.009892977689057836	0.07053459117616404
16.2100591	1	0.2024854640009046	0.9901070223109422	-1	-0.009892977689057836	0.07053459117616404
16.2100591	1	0.2024854640009046	0.9901070223109422	-1	-0.009892977689057836	0.07053459117616404
16.3331513	1	0.2024854640009046	0.9901070223109422	-1	-0.009892977689057836	0.07053459117616404
16.3331513	1	0.2024854640009046	0.9901070223109422	-1	-0.009892977689057836	0.07053459117616404
16.4572009	1	0.2024854640009046	0.9901070223109422	-1	-0.009892977689057836	0.07053459117616404
16.4572009	1	0.2024854640009046	0.9901070223109422	-1	-0.009892977689057836	0.07053459117616404
16.5813118	1	0.2024854640009046	0.9901070223109422	-1	-0.009892977689057836	0.07053459117616404
16.5813118	1	0.2024854640009046	0.9901070223109422	-1	-0.009892977689057836	0.07053459117616404
16.7036622	1	0.2024854640009046	0.9901070223109422	-1	-0.009892977689057836	0.07053459117616404
16.7036622	1	0.2024854640009046	0.9901070223109422	-1	-0.009892977689057836	0.07053459117616404
16.8273629	1	0.2024854640009046	0.9901070223109422	-1	-0.009892977689057836	0.07053459117616404
16.8273629	1	0.2024854640009046	0.9901070223109422	-1	-0.009892977689057836	0.07053459117616404
16.9520638	1	0.2024854640009046	0.9901070223109422	-1	-0.009892977689057836	0.07053459117616404
16.9520638	1	0.2024854640009046	0.9901070223109422	-1	-0.009892977689057836	0.07053459117616404
17.0742017	1	0.2024854640009046	0.9901070223109422	-1	-0.009892977689057836	0.07053459117616404
17.0742017	1	0.2024854640009046	0.9901070223109422	-1	-0.009892977689057836	0.07053459117616404
17.1977505	1	0.2024854640009046	0.9901070223109422	-1	-0.009892977689057836	0.07053459117616404
17.1977505	1	0.2024854640009046	0.9901070223109422	-1	-0.009892977689057836	0.07053459117616404
17.3221336	1	0.2024854640009046	0.9901070223109422	-1	-0.009892977689057836	0.07053459117616404
17.3221336	1	0.2024854640009046	0.9901070223109422	-1	-0.009892977689057836	0.07053459117616404
17.4441314	1	0.2024854640009046	0.9901070223109422	-1	-0.009892977689057836	0.07053459117616404
17.4441314	1	0.2024854640009046	0.9901070223109422	-1	-0.009892977689057836	0.07053459117616404
17.566909	1	0.2024854640009046	0.9901070223109422	-1	-0.009892977689057836	0.07053459117616404
17.566909	1	0.2024854640009046	0.9901070223109422	-1	-0.009892977689057836	0.07053459117616404
17.687886	1	0.2024854640009046	0.9901070223109422	-1	-0.009892977689057836	0.07053459117616404
17.687886	1	0.2024854640009046	0.9901070223109422	-1	-0.009892977689057836	0.07053459117616404
17.812421	1	0.2024854640009046	0.9901070223109422	-1	-0.009892977689057836	0.07053459117616404
17.812421	1	0.2024854640009046	0.9901070223109422	-1	-0.009892977689057836	0.07053459117616404
17.9352962	1	0.2024854640009046	0.9901070223109422	-1	-0.009892977689057836	0.07053459117616404
17.9352962	1	0.2024854640009046	0.9901070223109422	-1	-0.009892977689057836	0.07053459117616404
18.0590711	1	0.2024854640009046	0.9901070223109422	-1	-0.009892977689057836	0.07053459117616404
18.0590711	1	0.2024854640009046	0.9901070223109422	-1	-0.009892977689057836	0.07053459117616404
18.1811661	1	0.2024854640009046	0.9901070223109422	-1	-0.009892977689057836	0.07053459117616404
18.1811661	1	0.2024854640009046	0.9901070223109422	-1	-0.009892977689057836	0.07053459117616404
18.3052601	1	0.2024854640009046	0.9901070223109422	-1	-0.009892977689057836	0.07053459117616404
18.3052601	1	0.2009514832130188	0.9901070223109422	-1	-0.009892977689057836	0.07053459117616404
18.4293922	1	0.2009514832130188	0.9906557338242619	-1	-0.009344266175738136	0.06670431600132282
18.4293922	1	0.2024854640009046	0.9906557338242619	-1	-0.009344266175738136	0.06670431600132282
18.5528933	1	0.2024854640009046	0.9901070223109422	-1	-0.009892977689057836	0.07053459117616404
18.5528933	1	0.2009514832130188	0.9901070223109422	-1	-0.009892977689057836	0.07053459117616404
18.6760781	1	0.2009514832130188	0.9906557338242619	-1	-0.009344266175738136	0.06670431600132282
18.6760781	1	0.2024854640009046	0.9906557338242619	-1	-0.009344266175738136	0.06670431600132282
18.7986779	1	0.2024854640009046	0.9901070223109422	-1	-0.009892977689057836	0.07053459117616404
18.7986779	1	0.2024854640009046	0.9901070223109422	-1	-0.009892977689057836	0.07053459117616404
18.9226827	1	0.2024854640009046	0.9901070223109422	-1	-0.009892977689057836	0.07053459117616404
18.9226827	1	0.2024854640009046	0.9901070223109422	-1	-0.009892977689057836	0.07053459117616404
19.0447401	1	0.2024854640009046	0.9901070223109422	-1	-0.009892977689057836	0.07053459117616404
19.0447401	1	0.2024854640009046	0.9901070223109422	-1	-0.009892977689057836	0.07053459117616404
19.167915	1	0.2024854640009046	0.9901070223109422	-1	-0.009892977689057836	0.07053459117616404
19.167915	1	0.2024854640009046	0.9901070223109422	-1	-0.009892977689057836	0.07053459117616404
19.2920603	1	0.2024854640009046	0.9901070223109422	-1	-0.009892977689057836	0.07053459117616404
19.2920603	1	0.2024854640009046	0.9901070223109422	-1	-0.009892977689057836	0.07053459117616404
19.4145414	1	0.2024854640009046	0.9901070223109422	-1	-0.009892977689057836	0.07053459117616404
19.4145414	1	0.2024854640009046	0.9901070223109422	-1	-0.009892977689057836	0.07053459117616404
19.5388619	1	0.2024854640009046	0.9901070223109422	-1	-0.009892977689057836	0.07053459117616404
19.5388619	1	0.2024854640009046	0.9901070223109422	-1	-0.009892977689057836	0.07053459117616404
19.6630425	1	0.2024854640009046	0.9901070223109422	-1	-0.009892977689057836	0.07053459117616404
19.6630425	1	0.2024854640009046	0.9901070223109422	-1	-0.009892977689057836	0.07053459117616404
19.7856884	1	0.2024854640009046	0.9901070223109422	-1	-0.009892977689057836	0.07053459117616404
19.7856884	1	0.2024854640009046	0.9901070223109422	-1	-0.009892977689057836	0.07053459117616404
19.9094447	1	0.2024854640009046	0.9901070223109422	-1	-0.009892977689057836	0.07053459117616404
19.9094447	1	0.2024854640009046	0.9901070223109422	-1	-0.009892977689057836	0.07053459117616404
20.0473167	1	0.2024854640009046	0.9901070223109422	-1	-0.009892977689057836	0.07053459117616404
20.0473167	1	0.2024854640009046	0.9901070223109422	-1	-0.009892977689057836	0.07053459117616404
20.1697671	1	0.2024854640009046	0.9901070223109422	-1	-0.009892977689057836	0.07053459117616404
20.1697671	1	0.2024854640009046	0.9901070223109422	-1	-0.009892977689057836	0.07053459117616404
20.2940747	1	0.2024854640009046	0.9901070223109422	-1	-0.009892977689057836	0.07053459117616404
20.2940747	1	0.2024854640009046	0.9901070223109422	-1	-0.009892977689057836	0.07053459117616404
20.4147259	1	0.2024854640009046	0.9901070223109422	-1	-0.009892977689057836	0.07053459117616404
20.4147259	1	0.2024854640009046	0.9901070223109422	-1	-0.009892977689057836	0.07053459117616404
20.5379073	1	0.2024854640009046	0.9901070223109422	-1	-0.009892977689057836	0.07053459117616404
20.5379073	1	0.2024854640009046	0.9901070223109422	-1	-0.009892977689057836	0.07053459117616404
20.6616103	1	0.2024854640009046	0.9901070223109422	-1	-0.009892977689057836	0.07053459117616404
20.6616103	1	0.2009514832130188	0.9901070223109422	-1	-0.009892977689057836	0.07053459117616404
20.7844834	1	0.2009514832130188	0.9906557338242619	-1	-0.009344266175738136	0.06670431600132282
20.7844834	1	0.2024854640009046	0.9906557338242619	-1	-0.009344266175738136	0.06670431600132282
20.9069122	1	0.2024854640009046	0.9901070223109422	-1	-0.009892977689057836	0.07053459117616404
20.9069122	1	0.2024854640009046	0.9901070223109422	-1	-0.009892977689057836	0.07053459117616404
21.0279965	1	0.2024854640009046	0.9901070223109422	-1	-0.009892977689057836	0.07053459117616404
21.0279965	1	0.2024854640009046	0.9901070223109422	-1	-0.009892977689057836	0.07053459117616404
21.1492048	1	0.2024854640009046	0.9901070223109422	-1	-0.009892977689057836	0.07053459117616404
21.1492048	1	0.2024854640009046	0.9901070223109422	-1	-0.009892977689057836	0.07053459117616404
21.2749113	1	0.2024854640009046	0.9901070223109422	-1	-0.009892977689057836	0.07053459117616404
21.2749113	1	0.2024854640009046	0.9901070223109422	-1	-0.009892977689057836	0.07053459117616404
21.4146955	1	0.2024854640009046	0.9901070223109422	-1	-0.009892977689057836	0.07053459117616404
21.4146955	1	0.2024854640009046	0.9901070223109422	-1	-0.009892977689057836	0.07053459117616404
21.5396555	1	0.2024854640009046	0.9901070223109422	-1	-0.009892977689057836	0.07053459117616404
21.5396555	1	0.2024854640009046	0.9901070223109422	-1	-0.009892977689057836	0.07053459117616404
21.6632401	1	0.2024854640009046	0.9901070223109422	-1	-0.009892977689057836	0.07053459117616404
21.6632401	1	0.2024854640009046	0.9901070223109422	-1	-0.009892977689057836	0.07053459117616404
21.7854887	1	0.2024854640009046	0.9901070223109422	-1	-0.009892977689057836	0.07053459117616404
21.7854887	1	0.2024854640009046	0.9901070223109422	-1	-0.009892977689057836	0.07053459117616404
21.9099783	1	0.2024854640009046	0.9901070223109422	-1	-0.009892977689057836	0.07053459117616404
21.9099783	1	0.2024854640009046	0.9901070223109422	-1	-0.009892977689057836	0.07053459117616404
22.0307206	1	0.2024854640009046	0.9901070223109422	-1	-0.009892977689057836	0.07053459117616404
22.0307206	1	0.2024854640009046	0.9901070223109422	-1	-0.009892977689057836	0.07053459117616404
22.1550373	1	0.2024854640009046	0.9901070223109422	-1	-0.009892977689057836	0.07053459117616404
22.1550373	1	0.2024854640009046	0.9901070223109422	-1	-0.009892977689057836	0.07053459117616404
22.2779348	1	0.2024854640009046	0.9901070223109422	-1	-0.009892977689057836	0.07053459117616404
22.2779348	1	0.2024854640009046	0.9901070223109422	-1	-0.009892977689057836	0.07053459117616404
22.4027648	1	0.2024854640009046	0.9901070223109422	-1	-0.009892977689057836	0.07053459117616404
22.4027648	1	0.2024854640009046	0.9901070223109422	-1	-0.009892977689057836	0.07053459117616404
22.5276319	1	0.2024854640009046	0.9901070223109422	-1	-0.009892977689057836	0.07053459117616404
22.5276319	1	0.2024854640009046	0.9901070223109422	-1	-0.009892977689057836	0.07053459117616404
22.6499735	1	0.2024854640009046	0.9901070223109422	-1	-0.009892977689057836	0.07053459117616404
22.6499735	1	0.2024854640009046	0.9901070223109422	-1	-0.009892977689057836	0.07053459117616404
22.773706	1	0.2024854640009046	0.9901070223109422	-1	-0.009892977689057836	0.07053459117616404
22.773706	1	0.2024854640009046	0.9901070223109422	-1	-0.009892977689057836	0.07053459117616404
22.8960443	1	0.2024854640009046	0.9901070223109422	-1	-0.009892977689057836	0.07053459117616404
22.8960443	1	0.2024854640009046	0.9901070223109422	-1	-0.009892977689057836	0.07053459117616404
23.0206022	1	0.2024854640009046	0.9901070223109422	-1	-0.009892977689057836	0.07053459117616404
23.0206022	1	0.2024854640009046	0.9901070223109422	-1	-0.009892977689057836	0.07053459117616404
23.1448615	1	0.2024854640009046	0.9901070223109422	-1	-0.009892977689057836	0.07053459117616404
23.1448615	1	0.2024854640009046	0.9901070223109422	-1	-0.009892977689057836	0.07053459117616404
23.2679101	1	0.2024854640009046	0.9901070223109422	-1	-0.009892977689057836	0.07053459117616404
23.2679101	1	0.2024854640009046	0.9901070223109422	-1	-0.009892977689057836	0.07053459117616404
23.3903884	1	0.2024854640009046	0.9901070223109422	-1	-0.009892977689057836	0.07053459117616404
23.3903884	1	0.2024854640009046	0.9901070223109422	-1	-0.009892977689057836	0.07053459117616404
23.5147361	1	0.2024854640009046	0.9901070223109422	-1	-0.009892977689057836	0.07053459117616404
23.5147361	1	0.2024854640009046	0.9901070223109422	-1	-0.009892977689057836	0.07053459117616404
23.6393967	1	0.2024854640009046	0.9901070223109422	-1	-0.009892977689057836	0.07053459117616404
23.6393967	1	0.2024854640009046	0.9901070223109422	-1	-0.009892977689057836	0.07053459117616404
23.7647383	1	0.2024854640009046	0.9901070223109422	-1	-0.009892977689057836	0.07053459117616404
23.7647383	1	0.2024854640009046	0.9901070223109422	-1	-0.009892977689057836	0.07053459117616404
23.8883758	1	0.2024854640009046	0.9901070223109422	-1	-0.009892977689057836	0.07053459117616404
23.8883758	1	0.2024854640009046	0.9901070223109422	-1	-0.009892977689057836	0.07053459117616404
24.0108895	1	0.2024854640009046	0.9901070223109422	-1	-0.009892977689057836	0.07053459117616404
24.0108895	1	0.2024854640009046	0.9901070223109422	-1	-0.009892977689057836	0.07053459117616404
24.1335059	1	0.2024854640009046	0.9901070223109422	-1	-0.009892977689057836	0.07053459117616404
24.1335059	1	0.2024854640009046	0.9901070223109422	-1	-0.009892977689057836	0.07053459117616404
24.2573811	1	0.2024854640009046	0.9901070223109422	-1	-0.009892977689057836	0.07053459117616404
24.2573811	1	0.2024854640009046	0.9901070223109422	-1	-0.009892977689057836	0.07053459117616404
24.3809014	1	0.2024854640009046	0.9901070223109422	-1	-0.009892977689057836	0.07053459117616404
24.3809014	1	0.2024854640009046	0.9901070223109422	-1	-0.009892977689057836	0.07053459117616404
24.5053898	1	0.2024854640009046	0.9901070223109422	-1	-0.009892977689057836	0.07053459117616404
24.5053898	1	0.2024854640009046	0.9901070223109422	-1	-0.009892977689057836	0.07053459117616404
24.6271401	1	0.2024854640009046	0.9901070223109422	-1	-0.009892977689057836	0.07053459117616404
24.6271401	1	0.2024854640009046	0.9901070223109422	-1	-0.009892977689057836	0.07053459117616404
24.7514963	1	0.2024854640009046	0.9901070223109422	-1	-0.009892977689057836	0.07053459117616404
24.7514963	1	0.2024854640009046	0.9901070223109422	-1	-0.009892977689057836	0.07053459117616404
24.8761614	1	0.2024854640009046	0.9901070223109422	-1	-0.009892977689057836	0.07053459117616404
24.8761614	1	0.2024854640009046	0.9901070223109422	-1	-0.009892977689057836	0.07053459117616404
24.9997493	1	0.2024854640009046	0.9901070223109422	-1	-0.009892977689057836	0.07053459117616404
24.9997493	1	0.2024854640009046	0.9901070223109422	-1	-0.009892977689057836	0.07053459117616404
25.1249637	1	0.2024854640009046	0.9901070223109422	-1	-0.009892977689057836	0.07053459117616404
25.1249637	1	0.2024854640009046	0.9901070223109422	-1	-0.009892977689057836	0.07053459117616404
25.2501491	1	0.2024854640009046	0.9901070223109422	-1	-0.009892977689057836	0.07053459117616404
25.2501491	1	0.2024854640009046	0.9901070223109422	-1	-0.009892977689057836	0.07053459117616404
25.3740905	1	0.2024854640009046	0.9901070223109422	-1	-0.009892977689057836	0.07053459117616404
25.3740905	1	0.2024854640009046	0.9901070223109422	-1	-0.009892977689057836	0.07053459117616404
25.4974762	1	0.2024854640009046	0.9901070223109422	-1	-0.009892977689057836	0.07053459117616404
25.4974762	1	0.2009514832130188	0.9901070223109422	-1	-0.009892977689057836	0.07053459117616404
25.6202298	1	0.2009514832130188	0.9906557338242619	-1	-0.009344266175738136	0.06670431600132282
25.6202298	1	0.2024854640009046	0.9906557338242619	-1	-0.009344266175738136	0.06670431600132282
25.744058	1	0.2024854640009046	0.9901070223109422	-1	-0.009892977689057836	0.07053459117616404
25.744058	1	0.2024854640009046	0.9901070223109422	-1	-0.009892977689057836	0.07053459117616404
25.8661595	1	0.2024854640009046	0.9901070223109422	-1	-0.009892977689057836	0.07053459117616404
25.8661595	1	0.2024854640009046	0.9901070223109422	-1	-0.009892977689057836	0.07053459117616404
25.9898712	1	0.2024854640009046	0.9901070223109422	-1	-0.009892977689057836	0.07053459117616404
25.9898712	1	0.2024854640009046	0.9901070223109422	-1	-0.009892977689057836	0.07053459117616404
26.113506	1	0.2024854640009046	0.9901070223109422	-1	-0.009892977689057836	0.07053459117616404
26.113506	1	0.2024854640009046	0.9901070223109422	-1	-0.009892977689057836	0.07053459117616404
26.2370177	1	0.2024854640009046	0.9901070223109422	-1	-0.009892977689057836	0.07053459117616404
26.2370177	1	0.2024854640009046	0.9901070223109422	-1	-0.009892977689057836	0.07053459117616404
26.3594847	1	0.2024854640009046	0.9901070223109422	-1	-0.009892977689057836	0.07053459117616404
26.3594847	1	0.2024854640009046	0.9901070223109422	-1	-0.009892977689057836	0.07053459117616404
26.482536	1	0.2024854640009046	0.9901070223109422	-1	-0.009892977689057836	0.07053459117616404
26.482536	1	0.2024854640009046	0.9901070223109422	-1	-0.009892977689057836	0.07053459117616404
26.6061242	1	0.2024854640009046	0.9901070223109422	-1	-0.009892977689057836	0.07053459117616404
26.6061242	1	0.2024854640009046	0.9901070223109422	-1	-0.009892977689057836	0.07053459117616404
26.7287222	1	0.2024854640009046	0.9901070223109422	-1	-0.009892977689057836	0.07053459117616404
26.7287222	1	0.2024854640009046	0.9901070223109422	-1	-0.009892977689057836	0.07053459117616404
26.8523866	1	0.2024854640009046	0.9901070223109422	-1	-0.009892977689057836	0.07053459117616404
26.8523866	1	0.2024854640009046	0.9901070223109422	-1	-0.009892977689057836	0.07053459117616404
26.9734549	1	0.2024854640009046	0.9901070223109422	-1	-0.009892977689057836	0.07053459117616404
26.9734549	1	0.2024854640009046	0.9901070223109422	-1	-0.009892977689057836	0.07053459117616404
27.0979462	1	0.2024854640009046	0.9901070223109422	-1	-0.009892977689057836	0.07053459117616404
27.0979462	1	0.2024854640009046	0.9901070223109422	-1	-0.009892977689057836	0.07053459117616404
27.2217799	1	0.2024854640009046	0.9901070223109422	-1	-0.009892977689057836	0.07053459117616404
27.2217799	1	0.2024854640009046	0.9901070223109422	-1	-0.009892977689057836	0.07053459117616404
27.3434124	1	0.2024854640009046	0.9901070223109422	-1	-0.009892977689057836	0.07053459117616404
27.3434124	1	0.2024854640009046	0.9901070223109422	-1	-0.009892977689057836	0.07053459117616404
27.4656583	1	0.2024854640009046	0.9901070223109422	-1	-0.009892977689057836	0.07053459117616404
27.4656583	1	0.2024854640009046	0.9901070223109422	-1	-0.009892977689057836	0.07053459117616404
27.5904026	1	0.2024854640009046	0.9901070223109422	-1	-0.009892977689057836	0.07053459117616404
27.5904026	1	0.2024854640009046	0.9901070223109422	-1	-0.009892977689057836	0.07053459117616404
27.7152511	1	0.2024854640009046	0.9901070223109422	-1	-0.009892977689057836	0.07053459117616404
27.7152511	1	0.2024854640009046	0.9901070223109422	-1	-0.009892977689057836	0.07053459117616404
27.8384888	1	0.2024854640009046	0.9901070223109422	-1	-0.009892977689057836	0.07053459117616404
27.8384888	1	0.2024854640009046	0.9901070223109422	-1	-0.009892977689057836	0.07053459117616404
27.9633247	1	0.2024854640009046	0.9901070223109422	-1	-0.009892977689057836	0.07053459117616404
27.9633247	1	0.2024854640009046	0.9901070223109422	-1	-0.009892977689057836	0.07053459117616404
28.0859619	1	0.2024854640009046	0.9901070223109422	-1	-0.009892977689057836	0.07053459117616404
28.0859619	1	0.2024854640009046	0.9901070223109422	-1	-0.009892977689057836	0.07053459117616404
28.2125835	1	0.2024854640009046	0.9901070223109422	-1	-0.009892977689057836	0.07053459117616404
28.2125835	1	0.2024854640009046	0.9901070223109422	-1	-0.009892977689057836	0.07053459117616404
28.3360974	1	0.2024854640009046	0.9901070223109422	-1	-0.009892977689057836	0.07053459117616404
28.3360974	1	0.2024854640009046	0.9901070223109422	-1	-0.009892977689057836	0.07053459117616404
28.4594122	1	0.2024854640009046	0.9901070223109422	-1	-0.009892977689057836	0.07053459117616404
28.4594122	1	0.2024854640009046	0.9901070223109422	-1	-0.009892977689057836	0.07053459117616404
28.5836933	1	0.2024854640009046	0.9901070223109422	-1	-0.009892977689057836	0.07053459117616404
28.5836933	1	0.2024854640009046	0.9901070223109422	-1	-0.009892977689057836	0.07053459117616404
28.707918	1	0.2024854640009046	0.9901070223109422	-1	-0.009892977689057836	0.07053459117616404
28.707918	1	0.2024854640009046	0.9901070223109422	-1	-0.009892977689057836	0.07053459117616404
28.8328935	1	0.2024854640009046	0.9901070223109422	-1	-0.009892977689057836	0.07053459117616404
28.8328935	1	0.2024854640009046	0.9901070223109422	-1	-0.009892977689057836	0.07053459117616404
28.956804	1	0.2024854640009046	0.9901070223109422	-1	-0.009892977689057836	0.07053459117616404
28.956804	1	0.2024854640009046	0.9901070223109422	-1	-0.009892977689057836	0.07053459117616404
29.0821991	1	0.2024854640009046	0.9901070223109422	-1	-0.009892977689057836	0.07053459117616404
29.0821991	1	0.2024854640009046	0.9901070223109422	-1	-0.009892977689057836	0.07053459117616404
29.2051885	1	0.2024854640009046	0.9901070223109422	-1	-0.009892977689057836	0.07053459117616404
29.2051885	1	0.2024854640009046	0.9901070223109422	-1	-0.009892977689057836	0.07053459117616404
29.3281496	1	0.2024854640009046	0.9901070223109422	-1	-0.009892977689057836	0.07053459117616404
29.3281496	1	0.2024854640009046	0.9901070223109422	-1	-0.009892977689057836	0.07053459117616404
29.4512621	1	0.2024854640009046	0.9901070223109422	-1	-0.009892977689057836	0.07053459117616404
29.4512621	1	0.2024854640009046	0.9901070223109422	-1	-0.009892977689057836	0.07053459117616404
29.5760555	1	0.2024854640009046	0.9901070223109422	-1	-0.009892977689057836	0.07053459117616404
29.5760555	1	0.2024854640009046	0.9901070223109422	-1	-0.009892977689057836	0.07053459117616404
29.7028447	1	0.2024854640009046	0.9901070223109422	-1	-0.009892977689057836	0.07053459117616404
29.7028447	1	0.2024854640009046	0.9901070223109422	-1	-0.009892977689057836	0.07053459117616404
29.8276799	1	0.2024854640009046	0.9901070223109422	-1	-0.009892977689057836	0.07053459117616404
29.8276799	1	0.2024854640009046	0.9901070223109422	-1	-0.009892977689057836	0.07053459117616404
29.9511334	1	0.2024854640009046	0.9901070223109422	-1	-0.009892977689057836	0.07053459117616404
29.9511334	1	0.2024854640009046	0.9901070223109422	-1	-0.009892977689057836	0.07053459117616404
