time	mode	theta	u	uh	u+uh	h
6.3E-06	1	2.604699377829819	0	0	0	0.29088454618775983
0.1253874	1	2.604699377829819	0	0	0	0.29442887719144284
0.1253874	1	2.606233358617704	0	0	0	0.29442887719144284
0.2520322	1	2.606233358617704	0	0	0	0.29088454618775983
0.2520322	1	2.604699377829819	0	0	0	0.29088454618775983
0.3772744	1	2.604699377829819	0	0	0	0.29442887719144284
0.3772744	1	2.606233358617704	0	0	0	0.29442887719144284
0.5029602	1	2.606233358617704	0	0	0	0.29088454618775983
0.5029602	1	2.606233358617704	0	0	0	0.29088454618775983
0.6271828	1	2.606233358617704	0	0	0	0.29088454618775983
0.6271828	1	2.604699377829819	0	0	0	0.29088454618775983
0.7512424	1	2.604699377829819	0	0	0	0.29442887719144284
0.7512424	1	2.604699377829819	0	0	0	0.29442887719144284
0.8750035	1	2.604699377829819	0	0	0	0.29442887719144284
0.8750035	1	2.606233358617704	0	0	0	0.29442887719144284
1.0003779	1	2.606233358617704	0	0	0	0.29088454618775983
1.0003779	1	2.604699377829819	0	0	0	0.29088454618775983
1.1254145	1	2.604699377829819	0	0	0	0.29442887719144284
1.1254145	1	2.604699377829819	0	0	0	0.29442887719144284
1.251294	1	2.604699377829819	0	0	0	0.29442887719144284
1.251294	1	2.604699377829819	0	0	0	0.29442887719144284
1.3778914	1	2.604699377829819	0	0	0	0.29442887719144284
1.3778914	1	2.606233358617704	0	0	0	0.29442887719144284
1.5034159	1	2.606233358617704	0	0	0	0.29088454618775983
1.5034159	1	2.604699377829819	0	0	0	0.29088454618775983
1.6280107	1	2.604699377829819	0	0	0	0.29442887719144284
1.6280107	1	2.606233358617704	0	0	0	0.29442887719144284
1.7529561	1	2.606233358617704	0	0	0	0.29088454618775983
1.7529561	1	2.604699377829819	0	0	0	0.29088454618775983
1.878339	1	2.604699377829819	0	0	0	0.29442887719144284
1.878339	1	2.606233358617704	0	0	0	0.29442887719144284
2.0035889	1	2.606233358617704	0	0	0	0.29088454618775983
2.0035889	1	2.606233358617704	0	0	0	0.29088454618775983
2.1280865	1	2.606233358617704	0	0	0	0.29088454618775983
2.1280865	1	2.606233358617704	0	0	0	0.29088454618775983
2.2518807	1	2.606233358617704	0	0	0	0.29088454618775983
2.2518807	1	2.606233358617704	0	0	0	0.29088454618775983
2.3756456	1	2.606233358617704	0	0	0	0.29088454618775983
2.3756456	1	2.604699377829819	0	0	0	0.29088454618775983
2.4987421	1	2.604699377829819	0	0	0	0.29442887719144284
2.4987421	1	2.604699377829819	0	0	0	0.29442887719144284
2.6226653	1	2.604699377829819	0	0	0	0.29442887719144284
2.6226653	1	2.604699377829819	0	0	0	0.29442887719144284
2.7461793	1	2.604699377829819	0	0	0	0.29442887719144284
2.7461793	1	2.604699377829819	0	0	0	0.29442887719144284
2.8709173	1	2.604699377829819	0	0	0	0.29442887719144284
2.8709173	1	2.606233358617704	0	0	0	0.29442887719144284
2.9950049	1	2.606233358617704	0	0	0	0.29088454618775983
2.9950049	1	2.604699377829819	0	0	0	0.29088454618775983
3.1188907	1	2.604699377829819	0	0	0	0.29442887719144284
3.1188907	1	2.604699377829819	0	0	0	0.29442887719144284
3.2429145	1	2.604699377829819	0	0	0	0.29442887719144284
3.2429145	1	2.604699377829819	0	0	0	0.29442887719144284
3.3684018	1	2.604699377829819	0	0	0	0.29442887719144284
3.3684018	1	2.604699377829819	0	0	0	0.29442887719144284
3.4930794	1	2.604699377829819	0	0	0	0.29442887719144284
3.4930794	1	2.604699377829819	0	0	0	0.29442887719144284
3.6186208	1	2.604699377829819	0	0	0	0.29442887719144284
3.6186208	1	2.604699377829819	0	0	0	0.29442887719144284
3.7438608	1	2.604699377829819	0	0	0	0.29442887719144284
3.7438608	1	2.604699377829819	0	0	0	0.29442887719144284
3.8694428	1	2.604699377829819	0	0	0	0.29442887719144284
3.8694428	1	2.606233358617704	0	0	0	0.29442887719144284
3.9919176	1	2.606233358617704	0	0	0	0.29088454618775983
3.9919176	1	2.606233358617704	0	0	0	0.29088454618775983
4.116325	1	2.606233358617704	0	0	0	0.29088454618775983
4.116325	1	2.604699377829819	0	0	0	0.29088454618775983
4.2415839	1	2.604699377829819	0	0	0	0.29442887719144284
4.2415839	1	2.604699377829819	0	0	0	0.29442887719144284
4.366297	1	2.604699377829819	0	0	0	0.29442887719144284
4.366297	1	2.604699377829819	0	0	0	0.29442887719144284
4.5066748	1	2.604699377829819	0	0	0	0.29442887719144284
4.5066748	1	2.604699377829819	0	0	0	0.29442887719144284
4.6301963	1	2.604699377829819	0	0	0	0.29442887719144284
4.6301963	1	2.604699377829819	0	0	0	0.29442887719144284
4.7532575	1	2.604699377829819	0	0	0	0.29442887719144284
4.7532575	1	2.604699377829819	0	0	0	0.29442887719144284
4.8790743	1	2.604699377829819	0	0	0	0.29442887719144284
4.8790743	1	2.604699377829819	0	0	0	0.29442887719144284
5.0033568	1	2.604699377829819	0	0	0	0.29442887719144284
5.0033568	1	2.606233358617704	0	0	0	0.29442887719144284
5.1300866	1	2.606233358617704	0	-1.000030518509476	-1.000030518509476	0.29088454618775983
5.1300866	1	2.598563454678276	0	-1.000030518509476	-1.000030518509476	0.29088454618775983
5.2536788	1	2.598563454678276	0	-1.000030518509476	-1.000030518509476	0.30855913926503087
5.2536788	1	2.468175087707997	0	-1.000030518509476	-1.000030518509476	0.30855913926503087
5.3790798	1	2.468175087707997	0	-1.000030518509476	-1.000030518509476	0.5910260290879826
5.3790798	1	2.319378951283089	0	-1.000030518509476	-1.000030518509476	0.5910260290879826
5.6282833	1	2.198194469040124	0	-1.000030518509476	-1.000030518509476	1.0678067815774916
5.6282833	1	2.067806102069844	0	-1.000030518509476	-1.000030518509476	1.0678067815774916
5.7546543	1	2.067806102069844	0	-1.000030518509476	-1.000030518509476	1.245866754954633
5.7546543	1	1.9374177350995652	0	-1.000030518509476	-1.000030518509476	1.245866754954633
5.7546543	1	1.9374177350995652	0	-1.000030518509476	-1.000030518509476	1.245866754954633
5.8933218	1	1.9374177350995652	0	-1.000030518509476	-1.000030518509476	1.389924475849421
5.8933218	1	1.791689560250429	0	-1.000030518509476	-1.000030518509476	1.389924475849421
6.018888	1	1.791689560250429	0	-1.000030518509476	-1.000030518509476	1.5106922042233037
6.018888	1	1.662835174068035	0	-1.000030518509476	-1.000030518509476	1.5106922042233037
6.1438272	1	1.662835174068035	0	-1.000030518509476	-1.000030518509476	1.5820951335326294
6.1438272	1	1.5370487494614125	0	-1.000030518509476	-1.000030518509476	1.5820951335326294
6.2684559	1	1.5370487494614125	0	-1.000030518509476	-1.000030518509476	1.619767635948413
6.2684559	1	1.41126232485479	0	-1.000030518509476	-1.000030518509476	1.619767635948413
6.3948659	1	1.41126232485479	0	-1.000030518509476	-1.000030518509476	1.6257956891335617
6.3948659	1	1.2854759002481675	0	-1.000030518509476	-1.000030518509476	1.6257956891335617
6.519487	1	1.2854759002481675	0	-1.000030518509476	-1.000030518509476	1.600179293088075
6.519487	1	1.1581554948536592	0	-1.000030518509476	-1.000030518509476	1.600179293088075
6.643524	1	1.1581554948536592	0.22297394069855056	-1.000030518509476	-0.7770565778109254	1.542024837765
6.643524	1	1.0323690702470367	0.22297394069855056	-1.000030518509476	-0.7770565778109254	1.542024837765
6.7685071	1	1.0323690702470367	0.4760016453866912	-1.000030518509476	-0.5240288731227848	1.4527336353407967
6.7685071	1	0.9403302229738983	0.4760016453866912	-1.000030518509476	-0.5240288731227848	1.4527336353407967
6.8931163	1	0.9403302229738983	0.5859243642279653	-1.000030518509476	-0.41410615428151065	1.3673502222459744
6.8931163	1	0.8866408953979006	0.5859243642279653	-1.000030518509476	-0.41410615428151065	1.3673502222459744
7.0170917	1	0.8866408953979006	0.6349320114204874	-1.000030518509476	-0.3650985070889886	1.3097191835574666
7.0170917	1	0.8375535101855602	0.6349320114204874	-1.000030518509476	-0.3650985070889886	1.3097191835574666
7.1420975	1	0.8375535101855602	0.6731482682836841	-1.000030518509476	-0.32688225022579187	1.251982908093618
7.1420975	1	0.7946020481247622	0.6731482682836841	-1.000030518509476	-0.32688225022579187	1.251982908093618
7.2669963	1	0.7946020481247622	0.7026092816061732	-1.000030518509476	-0.2974212369033028	1.1975104640059786
7.2669963	1	0.7516505860639642	0.7026092816061732	-1.000030518509476	-0.2974212369033028	1.1975104640059786
7.4069095	1	0.7516505860639642	0.7291121078377272	-1.000030518509476	-0.2709184106717488	1.1393483637320185
7.4069095	1	0.7117670855789373	0.7291121078377272	-1.000030518509476	-0.2709184106717488	1.1393483637320185
7.5323402	1	0.7117670855789373	0.7515594990699596	-1.000030518509476	-0.24847101943951644	1.0820369509230392
7.5323402	1	0.679553489033339	0.7515594990699596	-1.000030518509476	-0.24847101943951644	1.0820369509230392
7.6589165	1	0.679553489033339	0.7684225954390707	-1.000030518509476	-0.23160792307040534	1.0334244568583952
7.6589165	1	0.6488738732756261	0.7684225954390707	-1.000030518509476	-0.23160792307040534	1.0334244568583952
7.7845056	1	0.6488738732756261	0.78358635194379	-1.000030518509476	-0.216444166565686	0.9851973038762619
7.7845056	1	0.6212622190936847	0.78358635194379	-1.000030518509476	-0.216444166565686	0.9851973038762619
7.9076836	1	0.6212622190936847	0.7965856447043641	-1.000030518509476	-0.2034448738051119	0.9401833478049425
7.9076836	1	0.593650564911743	0.7965856447043641	-1.000030518509476	-0.2034448738051119	0.9401833478049425
8.0331193	1	0.593650564911743	0.8090506823511302	-1.000030518509476	-0.1909798361583458	0.8936445848402962
8.0331193	1	0.5721748338813439	0.8090506823511302	-1.000030518509476	-0.1909798361583458	0.8936445848402962
8.1567689	1	0.5721748338813439	0.818421229793268	-1.000030518509476	-0.18160928871620796	0.8563935817193211
8.1567689	1	0.5476311412751738	0.818421229793268	-1.000030518509476	-0.18160928871620796	0.8563935817193211
8.281914	1	0.5476311412751738	0.8288256969444818	-1.000030518509476	-0.17120482156499417	0.8126915201362723
8.281914	1	0.5230874486690036	0.8288256969444818	-1.000030518509476	-0.17120482156499417	0.8126915201362723
8.4075538	1	0.5230874486690036	0.8389466591436362	-1.000030518509476	-0.1610838593658398	0.7677846728597311
8.4075538	1	0.5031456984264904	0.8389466591436362	-1.000030518509476	-0.1610838593658398	0.7677846728597311
8.5336775	1	0.5031456984264904	0.8469900891461355	-1.000030518509476	-0.1530404293633405	0.7304107418568254
8.5336775	1	0.48166996739609136	0.8469900891461355	-1.000030518509476	-0.1530404293633405	0.7304107418568254
8.658437	1	0.48166996739609136	0.8554991366651612	-1.000030518509476	-0.1445313818443148	0.6892724223966915
8.658437	1	0.4647961787293493	0.8554991366651612	-1.000030518509476	-0.1445313818443148	0.6892724223966915
8.7831075	1	0.4647961787293493	0.8620909714956745	-1.000030518509476	-0.1379395470138015	0.6563023554157458
8.7831075	1	0.44638840927472145	0.8620909714956745	-1.000030518509476	-0.1379395470138015	0.6563023554157458
8.9083595	1	0.44638840927472145	0.8692053720965957	-1.000030518509476	-0.13082514641288034	0.6196855548304518
8.9083595	1	0.4295146206079794	0.8692053720965957	-1.000030518509476	-0.13082514641288034	0.6196855548304518
9.0332253	1	0.4295146206079794	0.8756719078147025	-1.000030518509476	-0.1243586106947735	0.5855248207383593
9.0332253	1	0.41417481272912315	0.8756719078147025	-1.000030518509476	-0.1243586106947735	0.5855248207383593
9.1566602	1	0.41417481272912315	0.8815179165390802	-1.000030518509476	-0.11851260197039581	0.55397545754527
9.1566602	1	0.40036898563815226	0.8815179165390802	-1.000030518509476	-0.11851260197039581	0.55397545754527
9.2807516	1	0.40036898563815226	0.8867630122784944	-1.000030518509476	-0.11326750623098158	0.5251786510746391
9.2807516	1	0.3834951969714102	0.8867630122784944	-1.000030518509476	-0.11326750623098158	0.5251786510746391
9.4049445	1	0.3834951969714102	0.8931670840085341	-1.000030518509476	-0.10686343450094193	0.4894648729245291
9.4049445	1	0.3712233506683251	0.8931670840085341	-1.000030518509476	-0.10686343450094193	0.4894648729245291
9.5298013	1	0.3712233506683251	0.8978302279503243	-1.000030518509476	-0.1022002905591517	0.46313354533533
9.5298013	1	0.35741752357735423	0.8978302279503243	-1.000030518509476	-0.1022002905591517	0.46313354533533
9.6544916	1	0.35741752357735423	0.9030933923478741	-1.000030518509476	-0.09693712616160188	0.4331507779476675
9.6544916	1	0.34667965806215495	0.9030933923478741	-1.000030518509476	-0.09693712616160188	0.4331507779476675
9.781501	1	0.34667965806215495	0.9072076035305884	-1.000030518509476	-0.09282291497888762	0.40956730088681254
9.781501	1	0.3359417925469552	0.9072076035305884	-1.000030518509476	-0.09282291497888762	0.40956730088681254
9.9066421	1	0.3359417925469552	0.9113475438016824	-1.000030518509476	-0.08868297470779363	0.3857532203143116
9.9066421	1	0.3221359654559848	0.9113475438016824	-1.000030518509476	-0.08868297470779363	0.3857532203143116
10.0320317	1	0.3221359654559848	0.9167211189619316	-1.000030518509476	-0.08330939954754435	0.35479627074480274
10.0320317	1	0.31139809994078504	0.9167211189619316	-1.000030518509476	-0.08330939954754435	0.35479627074480274
10.1573189	1	0.31139809994078504	0.9209518046195996	-1.000030518509476	-0.07907871388987642	0.33045509643139886
10.1573189	1	0.3037281960013569	0.9209518046195996	-1.000030518509476	-0.07907871388987642	0.33045509643139886
10.2818433	1	0.3037281960013569	0.9240078632283211	-1.000030518509476	-0.07602265528115493	0.31292735752694056
10.2818433	1	0.294524311274043	0.9240078632283211	-1.000030518509476	-0.07602265528115493	0.31292735752694056
10.4074239	1	0.294524311274043	0.927720115320895	-1.000030518509476	-0.07231040318858095	0.2917387664357884
10.4074239	1	0.2837864457588437	0.927720115320895	-1.000030518509476	-0.07231040318858095	0.2917387664357884
10.531344	1	0.2837864457588437	0.9321252147790456	-1.000030518509476	-0.06790530373043036	0.26680461166386976
10.531344	1	0.2761165418194156	0.9321252147790456	-1.000030518509476	-0.06790530373043036	0.26680461166386976
10.6570681	1	0.2761165418194156	0.9353300643078523	-1.000030518509476	-0.06470045420162374	0.24885331528904306
10.6570681	1	0.26691265709210166	0.9353300643078523	-1.000030518509476	-0.06470045420162374	0.24885331528904306
10.7805331	1	0.26691265709210166	0.939252707578652	-1.000030518509476	-0.06077781093082402	0.22715645523344882
10.7805331	1	0.25770877236478773	0.939252707578652	-1.000030518509476	-0.06077781093082402	0.22715645523344882
10.9057004	1	0.25770877236478773	0.943275285785706	-1.000030518509476	-0.05675523272377003	0.20529017218970722
10.9057004	1	0.2500388684253596	0.943275285785706	-1.000030518509476	-0.05675523272377003	0.20529017218970722
11.0296583	1	0.2500388684253596	0.946719083349005	-1.000030518509476	-0.05331143516047099	0.1869388493150881
11.0296583	1	0.24390294527381684	0.946719083349005	-1.000030518509476	-0.05331143516047099	0.1869388493150881
11.1551456	1	0.24390294527381684	0.9495452044063595	-1.000030518509476	-0.05048531410311652	0.1721730795213185
11.1551456	1	0.23930100291015988	0.9495452044063595	-1.000030518509476	-0.05048531410311652	0.1721730795213185
11.2819694	1	0.23930100291015988	0.951712666528683	-1.000030518509476	-0.04831785198079297	0.1610493371377819
11.2819694	1	0.23316507975861755	0.951712666528683	-1.000030518509476	-0.04831785198079297	0.1610493371377819
11.4071856	1	0.23316507975861755	0.9546760989262856	-1.000030518509476	-0.04535441958319042	0.14615179390878766
11.4071856	1	0.22549517581918943	0.9546760989262856	-1.000030518509476	-0.04535441958319042	0.14615179390878766
11.5322745	1	0.22549517581918943	0.9585198802217181	-1.000030518509476	-0.04151063828775792	0.12742397550495219
11.5322745	1	0.21935925266764666	0.9585198802217181	-1.000030518509476	-0.04151063828775792	0.12742397550495219
11.655681	1	0.21935925266764666	0.9617305535829695	-1.000030518509476	-0.03829996492650645	0.11235700928780948
11.655681	1	0.2147573103039897	0.9617305535829695	-1.000030518509476	-0.03829996492650645	0.11235700928780948
11.7820575	1	0.2147573103039897	0.9642349417634805	-1.000030518509476	-0.03579557674599554	0.10100736958674307
11.7820575	1	0.20862138715244738	0.9642349417634805	-1.000030518509476	-0.03579557674599554	0.10100736958674307
11.9071878	1	0.20862138715244738	0.9677318604396574	-1.000030518509476	-0.032298658069818575	0.08580862993437574
11.9071878	1	0.20862138715244738	0.9677318604396574	-1.000030518509476	-0.032298658069818575	0.08580862993437574
12.0332025	1	0.20862138715244738	0.9677318604396574	-1.000030518509476	-0.032298658069818575	0.08580862993437574
12.0332025	1	0.2024854640009046	0.9677318604396574	-1.000030518509476	-0.032298658069818575	0.08580862993437574
12.1599206	1	0.2024854640009046	0.9714568390657735	-1.000030518509476	-0.028573679443702482	0.07053459117616404
12.1599206	1	0.2024854640009046	0.9714568390657735	-1.000030518509476	-0.028573679443702482	0.07053459117616404
12.2867443	1	0.2024854640009046	0.9714568390657735	-1.000030518509476	-0.028573679443702482	0.07053459117616404
12.2867443	1	0.19788352163724765	0.9714568390657735	-1.000030518509476	-0.028573679443702482	0.07053459117616404
12.410651	1	0.19788352163724765	0.9744465377343038	-1.000030518509476	-0.02558398077517221	0.05902964706929588
12.410651	1	0.1963495408493623	0.9744465377343038	-1.000030518509476	-0.02558398077517221	0.05902964706929588
12.5356632	1	0.1963495408493623	0.9754897487078396	-1.000030518509476	-0.02454076980163644	0.05518525331211016
12.5356632	1	0.19174759848570533	0.9754897487078396	-1.000030518509476	-0.02454076980163644	0.05518525331211016
12.6597347	1	0.19174759848570533	0.9787962353749641	-1.000030518509476	-0.021234283134511922	0.04362383487585955
12.6597347	1	0.18867963690993372	0.9787962353749641	-1.000030518509476	-0.021234283134511922	0.04362383487585955
12.8017655	1	0.18867963690993372	0.9811875449095525	-1.000030518509476	-0.018842973599923485	0.035892691614449045
12.8017655	1	0.18714565612204836	0.9811875449095525	-1.000030518509476	-0.018842973599923485	0.035892691614449045
12.9259958	1	0.18714565612204836	0.9824564894797243	-1.000030518509476	-0.017574029029751692	0.03202006069257211
12.9259958	1	0.1810097329705056	0.9824564894797243	-1.000030518509476	-0.017574029029751692	0.03202006069257211
13.0503787	1	0.1810097329705056	0.9882889315362637	-1.000030518509476	-0.011741586973212259	0.016482475063908934
13.0503787	1	0.1794757521826198	0.9882889315362637	-1.000030518509476	-0.011741586973212259	0.016482475063908934
13.1735129	1	0.1794757521826198	0.9900551746186265	-1.000030518509476	-0.00997534389084953	0.012586313171454847
13.1735129	1	0.1794757521826198	0.9900551746186265	-1.000030518509476	-0.00997534389084953	0.012586313171454847
13.2981485	1	0.1794757521826198	0.9900551746186265	-1.000030518509476	-0.00997534389084953	0.012586313171454847
13.2981485	1	0.1794757521826198	0.9900551746186265	-1.000030518509476	-0.00997534389084953	0.012586313171454847
13.4227893	1	0.1794757521826198	0.9900551746186265	-1.000030518509476	-0.00997534389084953	0.012586313171454847
13.4227893	1	0.17794177139473444	0.9900551746186265	-1.000030518509476	-0.00997534389084953	0.012586313171454847
13.5478566	1	0.17794177139473444	0.9920553466631478	-1.000030518509476	-0.007975171846328233	0.008685445084886684
13.5478566	1	0.1794757521826198	0.9920553466631478	-1.000030518509476	-0.007975171846328233	0.008685445084886684
13.6721982	1	0.1794757521826198	0.9900551746186265	-1.000030518509476	-0.00997534389084953	0.012586313171454847
13.6721982	1	0.1794757521826198	0.9900551746186265	-1.000030518509476	-0.00997534389084953	0.012586313171454847
13.7967182	1	0.1794757521826198	0.9900551746186265	-1.000030518509476	-0.00997534389084953	0.012586313171454847
13.7967182	1	0.17794177139473444	0.9900551746186265	-1.000030518509476	-0.00997534389084953	0.012586313171454847
13.9210543	1	0.17794177139473444	0.9920553466631478	-1.000030518509476	-0.007975171846328233	0.008685445084886684
13.9210543	1	0.1794757521826198	0.9920553466631478	-1.000030518509476	-0.007975171846328233	0.008685445084886684
14.0433748	1	0.1794757521826198	0.9900551746186265	-1.000030518509476	-0.00997534389084953	0.012586313171454847
14.0433748	1	0.17794177139473444	0.9900551746186265	-1.000030518509476	-0.00997534389084953	0.012586313171454847
14.1692301	1	0.17794177139473444	0.9920553466631478	-1.000030518509476	-0.007975171846328233	0.008685445084886684
14.1692301	1	0.1794757521826198	0.9920553466631478	-1.000030518509476	-0.007975171846328233	0.008685445084886684
14.2922015	1	0.1794757521826198	0.9900551746186265	-1.000030518509476	-0.00997534389084953	0.012586313171454847
14.2922015	1	0.1794757521826198	0.9900551746186265	-1.000030518509476	-0.00997534389084953	0.012586313171454847
14.4166268	1	0.1794757521826198	0.9900551746186265	-1.000030518509476	-0.00997534389084953	0.012586313171454847
14.4166268	1	0.1794757521826198	0.9900551746186265	-1.000030518509476	-0.00997534389084953	0.012586313171454847
14.5422486	1	0.1794757521826198	0.9900551746186265	-1.000030518509476	-0.00997534389084953	0.012586313171454847
14.5422486	1	0.1794757521826198	0.9900551746186265	-1.000030518509476	-0.00997534389084953	0.012586313171454847
14.6671444	1	0.1794757521826198	0.9900551746186265	-1.000030518509476	-0.00997534389084953	0.012586313171454847
14.6671444	1	0.1794757521826198	0.9900551746186265	-1.000030518509476	-0.00997534389084953	0.012586313171454847
14.791595	1	0.1794757521826198	0	1	1	0.012586313171454847
14.791595	1	0.18407769454627676	0	1	1	0.012586313171454847
14.9172047	1	0.18407769454627676	0	1	1	0.024260680266470366
14.9172047	1	0.28071848418307255	0	1	1	0.024260680266470366
15.04384	1	0.28071848418307255	0	1	1	0.2596382116962849
15.04384	1	0.4203107358806655	0	1	1	0.2596382116962849
15.167432	1	0.4203107358806655	0	1	1	0.5666516771518879
15.167432	1	0.5368932757599745	0	1	1	0.5666516771518879
15.2935663	1	0.5368932757599745	0	1	1	0.7931930195674147
15.2935663	1	0.662679700366597	0	1	1	0.7931930195674147
15.4171074	1	0.662679700366597	0	1	1	1.0071324793269247
15.4171074	1	0.7884661249732194	0	1	1	1.0071324793269247
15.5417326	1	0.7884661249732194	0	1	1	1.1894274898557995
15.5417326	1	0.9127185687919566	0	1	1	1.1894274898557995
15.6668717	1	0.9127185687919566	0	1	1	1.3384314500486536
15.6668717	1	1.038504993398579	0	1	1	1.3384314500486536
15.7914137	1	1.038504993398579	0	1	1	1.4578234700337052
15.7914137	1	1.1642914180052015	0	1	1	1.4578234700337052
15.9321872	1	1.1642914180052015	0	1	1	1.5455710407881216
15.9321872	1	1.3084856120664519	0	1	1	1.5455710407881216
16.0544949	1	1.3084856120664519	0	1	1	1.607230081736847
16.0544949	1	1.4342720366730743	0	1	1	1.607230081736847
16.1799	1	1.4342720366730743	0	1	1	1.627057859020632
16.1799	1	1.5615924420675826	0	1	1	1.627057859020632
16.3033197	1	1.5615924420675826	0	1	1	1.6149017742625515
16.3033197	1	1.688912847462091	0	1	1	1.6149017742625515
16.4288039	1	1.688912847462091	-0.038951827660491274	1	0.9610481723395087	1.5703247182448272
16.4288039	1	1.8193012144323708	-0.038951827660491274	1	0.9610481723395087	1.5703247182448272
16.5520642	1	1.8193012144323708	-0.3974617127856855	1	0.6025382872143146	1.4910712903164047
16.5520642	1	1.93895171588745	-0.3974617127856855	1	0.6025382872143146	1.4910712903164047
16.6771862	1	1.93895171588745	-0.5640282155012437	1	0.4359717844987563	1.3884273392858508
16.6771862	1	2.018718716857504	-0.5640282155012437	1	0.4359717844987563	1.3884273392858508
16.8026935	1	2.018718716857504	-0.6390280006964824	1	0.36097199930351764	1.304091102489423
16.8026935	1	2.0724080444335016	-0.6390280006964824	1	0.36097199930351764	1.304091102489423
16.9265941	1	2.0724080444335016	-0.6799740728233207	1	0.3200259271766793	1.2401611471821976
16.9265941	1	2.1184274680700703	-0.6799740728233207	1	0.3200259271766793	1.2401611471821976
17.0517634	1	2.1184274680700703	-0.7106588020131859	1	0.2893411979868141	1.1807755033708238
17.0517634	1	2.1583109685550967	-0.7106588020131859	1	0.2893411979868141	1.1807755033708238
17.1759864	1	2.1583109685550967	-0.7346440799499492	1	0.2653559200500508	1.1258818360850975
17.1759864	1	2.1966604882522383	-0.7346440799499492	1	0.2653559200500508	1.1258818360850975
17.3013669	1	2.1966604882522383	-0.7558356707918961	1	0.24416432920810394	1.0700992649465322
17.3013669	1	2.2304080655857224	-0.7558356707918961	1	0.24416432920810394	1.0700992649465322
17.3013669	1	2.2304080655857224	-0.7558356707918961	1	0.24416432920810394	1.0700992649465322
17.4426291	1	2.2304080655857224	-0.7732116389980551	1	0.22678836100194488	1.0185774999870345
17.4426291	1	2.2656896237070923	-0.7732116389980551	1	0.22678836100194488	1.0185774999870345
17.5833542	1	2.2656896237070923	-0.7903007431119431	1	0.2096992568880569	0.9622783811656683
17.5833542	1	2.2979032202526906	-0.7903007431119431	1	0.2096992568880569	0.9622783811656683
17.7082576	1	2.2979032202526906	-0.8050857179478251	1	0.19491428205217487	0.9087005762127621
17.7082576	1	2.3270488552225173	-0.8050857179478251	1	0.19491428205217487	0.9087005762127621
17.8329939	1	2.3270488552225173	-0.8178893049911885	1	0.1821106950088115	0.8584370655868319
17.8329939	1	2.3500585670408025	-0.8178893049911885	1	0.1821106950088115	0.8584370655868319
17.957848	1	2.3500585670408025	-0.8276659056450347	1	0.17233409435496527	0.8175552671722448
17.957848	1	2.3761362404348585	-0.8276659056450347	1	0.17233409435496527	0.8175552671722448
18.0822251	1	2.3761362404348585	-0.8384417442748411	1	0.16155825572515892	0.769942477503045
18.0822251	1	2.399145952253143	-0.8384417442748411	1	0.16155825572515892	0.769942477503045
18.2074188	1	2.399145952253143	-0.8477198056461287	1	0.1522801943538713	0.7268017059131614
18.2074188	1	2.4206216832835414	-0.8477198056461287	1	0.1522801943538713	0.7268017059131614
18.3331849	1	2.4206216832835414	-0.856216050725538	1	0.14378394927446203	0.6855816283572171
18.3331849	1	2.440563433526055	-0.856216050725538	1	0.14378394927446203	0.6855816283572171
18.4585724	1	2.440563433526055	-0.8639890507061361	1	0.13601094929386393	0.6464799049880492
18.4585724	1	2.458971202980683	-0.8639890507061361	1	0.13601094929386393	0.6464799049880492
18.5828249	1	2.458971202980683	-0.8710848304236846	1	0.12891516957631544	0.6096800773761522
18.5828249	1	2.4804469340110815	-0.8710848304236846	1	0.12891516957631544	0.6096800773761522
18.7073705	1	2.4804469340110815	-0.8792926752872018	1	0.12070732471279821	0.5658904178333064
18.7073705	1	2.494252761102053	-0.8792926752872018	1	0.12070732471279821	0.5658904178333064
18.8324751	1	2.494252761102053	-0.8845429742040645	1	0.11545702579593553	0.5372528313219801
18.8324751	1	2.511126549768795	-0.8845429742040645	1	0.11545702579593553	0.5372528313219801
18.9574555	1	2.511126549768795	-0.8909478465846313	1	0.10905215341536867	0.5017336553443548
18.9574555	1	2.526466357647651	-0.8909478465846313	1	0.10905215341536867	0.5017336553443548
19.0825796	1	2.526466357647651	-0.8967734404233949	1	0.10322655957660509	0.46894934498259916
19.0825796	1	2.5418061655265074	-0.8967734404233949	1	0.10322655957660509	0.46894934498259916
19.2078738	1	2.5418061655265074	-0.9026179511515556	1	0.09738204884844437	0.4356944152093231
19.2078738	1	2.552544031041707	-0.9026179511515556	1	0.09738204884844437	0.4356944152093231
19.3314656	1	2.552544031041707	-0.9067298110581622	1	0.0932701889418378	0.4121359458181745
19.3314656	1	2.5663498581326776	-0.9067298110581622	1	0.0932701889418378	0.4121359458181745
19.4571263	1	2.5663498581326776	-0.9120541849376661	1	0.0879458150623339	0.38150763919611863
19.4571263	1	2.578621704435763	-0.9120541849376661	1	0.0879458150623339	0.38150763919611863
19.5826647	1	2.578621704435763	-0.9168353703393775	1	0.08316462966062255	0.3539624565544557
19.5826647	1	2.5908935507388478	-0.9168353703393775	1	0.08316462966062255	0.3539624565544557
19.7091208	1	2.5908935507388478	-0.9216768522853772	1	0.07832314771462279	0.32611607748942173
19.7091208	1	2.6000974354661617	-0.9216768522853772	1	0.07832314771462279	0.32611607748942173
19.8328459	1	2.6000974354661617	-0.9253576434572813	1	0.07464235654271867	0.3050336330378067
19.8328459	1	2.6093013201934756	-0.9253576434572813	1	0.07464235654271867	0.3050336330378067
19.9595892	1	2.6093013201934756	-0.9290903861677554	1	0.07090961383224459	0.2837817655980442
19.9595892	1	2.6200391857086753	-0.9290903861677554	1	0.07090961383224459	0.2837817655980442
20.0854365	1	2.6200391857086753	-0.9335244629100569	1	0.06647553708994314	0.2587737884194125
20.0854365	1	2.6292430704359893	-0.9335244629100569	1	0.06647553708994314	0.2587737884194125
20.2094295	1	2.6292430704359893	-0.9374070544605314	1	0.06259294553946859	0.23715483783866412
20.2094295	1	2.639980935951188	-0.9374070544605314	1	0.06259294553946859	0.23715483783866412
20.3342405	1	2.639980935951188	-0.9420538902453983	1	0.05794610975460168	0.21171859699555093
20.3342405	1	2.6476508398906162	-0.9420538902453983	1	0.05794610975460168	0.21171859699555093
20.4572157	1	2.6476508398906162	-0.9454664503873056	1	0.05453354961269441	0.19340866771272736
20.4572157	1	2.6522527822542736	-0.9454664503873056	1	0.05453354961269441	0.19340866771272736
20.582912	1	2.6522527822542736	-0.9475580260315568	1	0.05244197396844319	0.18236623581364947
20.582912	1	2.6599226861937018	-0.9475580260315568	1	0.05244197396844319	0.18236623581364947
20.7079695	1	2.6599226861937018	-0.9511295112950212	1	0.04887048870497879	0.16386805876621768
20.7079695	1	2.666058609345244	-0.9511295112950212	1	0.04887048870497879	0.16386805876621768
20.831059	1	2.666058609345244	-0.954076175837183	1	0.04592382416281704	0.14898480563419902
20.831059	1	2.675262494072558	-0.954076175837183	1	0.04592382416281704	0.14898480563419902
20.9542243	1	2.675262494072558	-0.9586790193754071	1	0.041320980624592885	0.1265187401127138
20.9542243	1	2.6813984172241003	-0.9586790193754071	1	0.041320980624592885	0.1265187401127138
21.0787146	1	2.6813984172241003	-0.9618978485371127	1	0.03810215146288731	0.11144723921608696
21.0787146	1	2.6890683211635293	-0.9618978485371127	1	0.03810215146288731	0.11144723921608696
21.2011529	1	2.6890683211635293	-0.9661388718306424	1	0.0338611281693576	0.09250197372770858
21.2011529	1	2.6982722058908424	-0.9661388718306424	1	0.0338611281693576	0.09250197372770858
21.328425	1	2.6982722058908424	-0.9716594642949937	1	0.028340535705006276	0.06961235073585716
21.328425	1	2.7044081290423856	-0.9716594642949937	1	0.028340535705006276	0.06961235073585716
21.4538227	1	2.7044081290423856	-0.9757145054886066	1	0.02428549451139339	0.05425847819231583
21.4538227	1	2.7166799753454702	-0.9757145054886066	1	0.02428549451139339	0.05425847819231583
21.5778616	1	2.7166799753454702	-0.9855079826071224	1	0.014492017392877643	0.023324835787707818
21.5778616	1	2.725883860072784	-0.9855079826071224	1	0.014492017392877643	0.023324835787707818
21.7022133	1	2.725883860072784	-1.0004523630317639	1	-0.0004523630317638805	-7.305616858789697E-05
21.7022133	1	2.725883860072784	-1.0004523630317639	1	-0.0004523630317638805	-7.305616858789697E-05
21.8289269	1	2.725883860072784	-1.0004523630317639	1	-0.0004523630317638805	-7.305616858789697E-05
21.8289269	1	2.725883860072784	-1.0004523630317639	1	-0.0004523630317638805	-7.305616858789697E-05
21.953114	1	2.725883860072784	-1.0004523630317639	1	-0.0004523630317638805	-7.305616858789697E-05
21.953114	1	2.7243498792848984	-1.0004523630317639	1	-0.0004523630317638805	-7.305616858789697E-05
22.0780196	1	2.7243498792848984	-0.9951213147834068	1	0.0048786852165931816	0.0038383579760831107
22.0780196	1	2.725883860072784	-0.9951213147834068	1	0.0048786852165931816	0.0038383579760831107
22.2038286	1	2.725883860072784	-1.0004523630317639	1	-0.0004523630317638805	-7.305616858789697E-05
22.2038286	1	2.725883860072784	-1.0004523630317639	1	-0.0004523630317638805	-7.305616858789697E-05
22.3271322	1	2.725883860072784	-1.0004523630317639	1	-0.0004523630317638805	-7.305616858789697E-05
22.3271322	1	2.725883860072784	-1.0004523630317639	1	-0.0004523630317638805	-7.305616858789697E-05
22.4523369	1	2.725883860072784	-1.0004523630317639	1	-0.0004523630317638805	-7.305616858789697E-05
22.4523369	1	2.725883860072784	-1.0004523630317639	1	-0.0004523630317638805	-7.305616858789697E-05
22.5763745	1	2.725883860072784	-1.0004523630317639	1	-0.0004523630317638805	-7.305616858789697E-05
22.5763745	1	2.7243498792848984	-1.0004523630317639	1	-0.0004523630317638805	-7.305616858789697E-05
22.7023954	1	2.7243498792848984	-0.9951213147834068	1	0.0048786852165931816	0.0038383579760831107
22.7023954	1	2.725883860072784	-0.9951213147834068	1	0.0048786852165931816	0.0038383579760831107
22.8255012	1	2.725883860072784	-1.0004523630317639	1	-0.0004523630317638805	-7.305616858789697E-05
22.8255012	1	2.725883860072784	-1.0004523630317639	1	-0.0004523630317638805	-7.305616858789697E-05
22.9490487	1	2.725883860072784	-1.0004523630317639	1	-0.0004523630317638805	-7.305616858789697E-05
22.9490487	1	2.725883860072784	-1.0004523630317639	1	-0.0004523630317638805	-7.305616858789697E-05
23.0734568	1	2.725883860072784	-1.0004523630317639	1	-0.0004523630317638805	-7.305616858789697E-05
23.0734568	1	2.725883860072784	-1.0004523630317639	1	-0.0004523630317638805	-7.305616858789697E-05
23.1976037	1	2.725883860072784	-1.0004523630317639	1	-0.0004523630317638805	-7.305616858789697E-05
23.1976037	1	2.7243498792848984	-1.0004523630317639	1	-0.0004523630317638805	-7.305616858789697E-05
23.3221538	1	2.7243498792848984	-0.6579223035831138	0.6628009887997071	0.004878685216593293	0.0038383579760831107
23.3221538	1	2.725883860072784	-0.6579223035831138	0.6628009887997071	0.004878685216593293	0.0038383579760831107
23.4458501	1	2.725883860072784	-0.00045236303176392505	0	-0.00045236303176392505	-7.305616858789697E-05
23.4458501	1	2.725883860072784	-0.00045236303176392505	0	-0.00045236303176392505	-7.305616858789697E-05
23.5870662	1	2.725883860072784	-0.00045236303176392505	0	-0.00045236303176392505	-7.305616858789697E-05
23.5870662	1	2.725883860072784	-0.00045236303176392505	0	-0.00045236303176392505	-7.305616858789697E-05
23.7127079	1	2.725883860072784	-0.00045236303176392505	0	-0.00045236303176392505	-7.305616858789697E-05
23.7127079	1	2.725883860072784	-0.00045236303176392505	0	-0.00045236303176392505	-7.305616858789697E-05
23.8385517	1	2.725883860072784	-0.00045236303176392505	0	-0.00045236303176392505	-7.305616858789697E-05
23.8385517	1	2.725883860072784	-0.00045236303176392505	0	-0.00045236303176392505	-7.305616858789697E-05
23.9622567	1	2.725883860072784	0	-0.6718344676046022	-0.6718344676046022	-7.305616858789697E-05
23.9622567	1	2.725883860072784	0	-0.6718344676046022	-0.6718344676046022	-7.305616858789697E-05
24.1038266	1	2.725883860072784	0	-1.000030518509476	-1.000030518509476	-7.305616858789697E-05
24.1038266	1	2.6906023019514143	0	-1.000030518509476	-1.000030518509476	-7.305616858789697E-05
24.2263599	1	2.6906023019514143	0	-1.000030518509476	-1.000030518509476	0.08869880204768947
24.2263599	1	2.449767318253369	0	-1.000030518509476	-1.000030518509476	0.08869880204768947
24.3488837	1	2.449767318253369	0	-1.000030518509476	-1.000030518509476	0.6281647026761744
24.3488837	1	2.3270488552225173	0	-1.000030518509476	-1.000030518509476	0.6281647026761744
24.47594	1	2.3270488552225173	0	-1.000030518509476	-1.000030518509476	0.8584370655868319
24.47594	1	2.192058545888581	0	-1.000030518509476	-1.000030518509476	0.8584370655868319
24.6003875	1	2.192058545888581	0	-1.000030518509476	-1.000030518509476	1.0769484778889624
24.6003875	1	2.067806102069844	0	-1.000030518509476	-1.000030518509476	1.0769484778889624
24.7258482	1	2.067806102069844	0	-1.000030518509476	-1.000030518509476	1.245866754954633
24.7258482	1	1.9374177350995652	0	-1.000030518509476	-1.000030518509476	1.245866754954633
24.8509981	1	1.9374177350995652	0	-1.000030518509476	-1.000030518509476	1.389924475849421
24.8509981	1	1.8054953873413995	0	-1.000030518509476	-1.000030518509476	1.389924475849421
24.9760613	1	1.8054953873413995	0	-1.000030518509476	-1.000030518509476	1.5010723481315202
24.9760613	1	1.6781749819468912	0	-1.000030518509476	-1.000030518509476	1.5010723481315202
25.0986215	1	1.6781749819468912	0	-1.000030518509476	-1.000030518509476	1.5753360766279545
25.0986215	1	1.550854576552383	0	-1.000030518509476	-1.000030518509476	1.5753360766279545
25.2234594	1	1.550854576552383	0	-1.000030518509476	-1.000030518509476	1.617178833864745
25.2234594	1	1.4266021327336462	0	-1.000030518509476	-1.000030518509476	1.617178833864745
25.3475586	1	1.4266021327336462	0	-1.000030518509476	-1.000030518509476	1.626754790577822
25.3475586	1	1.3023496889149095	0	-1.000030518509476	-1.000030518509476	1.626754790577822
25.4734807	1	1.3023496889149095	0	-1.000030518509476	-1.000030518509476	1.6054534077010423
25.4734807	1	1.1734953027325155	0	-1.000030518509476	-1.000030518509476	1.6054534077010423
25.4734807	1	1.1734953027325155	0	-1.000030518509476	-1.000030518509476	1.6054534077010423
25.6125984	1	1.1734953027325155	0.17711405989532694	-1.000030518509476	-0.8229164586141491	1.5507491594993479
25.6125984	1	1.0354370318228074	0.17711405989532694	-1.000030518509476	-0.8229164586141491	1.5507491594993479
25.7373342	1	1.0354370318228074	0.47156866802820846	-1.000030518509476	-0.5284618504812675	1.455287965075481
25.7373342	1	0.9357282806102409	0.47156866802820846	-1.000030518509476	-0.5284618504812675	1.455287965075481
25.8634689	1	0.9357282806102409	0.5904780772344345	-1.000030518509476	-0.40955244127504153	1.3626363162473458
25.8634689	1	0.8820389530342441	0.5904780772344345	-1.000030518509476	-0.40955244127504153	1.3626363162473458
25.9883245	1	0.8820389530342441	0.6387539503471539	-1.000030518509476	-0.3612765681623221	1.3045111271767427
25.9883245	1	0.8298836062461317	0.6387539503471539	-1.000030518509476	-0.3612765681623221	1.3045111271767427
26.1123981	1	0.8298836062461317	0.6786553702177824	-1.000030518509476	-0.32137514829169356	1.2425262920967348
26.1123981	1	0.7900001057611052	0.6786553702177824	-1.000030518509476	-0.32137514829169356	1.2425262920967348
26.2362463	1	0.7900001057611052	0.7055794422509172	-1.000030518509476	-0.2944510762585588	1.1914552926845172
26.2362463	1	0.7501166052760784	0.7055794422509172	-1.000030518509476	-0.2944510762585588	1.1914552926845172
26.3607728	1	0.7501166052760784	0.7300112703318815	-1.000030518509476	-0.2700192481775945	1.1372029060504207
26.3607728	1	0.7148350471547089	0.7300112703318815	-1.000030518509476	-0.2700192481775945	1.1372029060504207
26.4856127	1	0.7148350471547089	0.7498978128928978	-1.000030518509476	-0.2501327056165782	1.0865584697978798
26.4856127	1	0.6826214506091102	0.7498978128928978	-1.000030518509476	-0.2501327056165782	1.0865584697978798
26.6103779	1	0.6826214506091102	0.7668603219367294	-1.000030518509476	-0.23317019657274662	1.0381436358860738
26.6103779	1	0.6519418348513977	0.7668603219367294	-1.000030518509476	-0.23317019657274662	1.0381436358860738
26.734306	1	0.6519418348513977	0.7821057547941447	-1.000030518509476	-0.21792476371533132	0.9901047306685494
26.734306	1	0.6243301806694559	0.7821057547941447	-1.000030518509476	-0.21792476371533132	0.9901047306685494
26.8603951	1	0.6243301806694559	0.7951689981573328	-1.000030518509476	-0.20486152035214322	0.9452601975853767
26.8603951	1	0.5982525072753999	0.7951689981573328	-1.000030518509476	-0.20486152035214322	0.9452601975853767
26.985136	1	0.5982525072753999	0.807007242259119	-1.000030518509476	-0.19302327625035698	0.9015069347019959
26.985136	1	0.5721748338813439	0.807007242259119	-1.000030518509476	-0.19302327625035698	0.9015069347019959
27.109759	1	0.5721748338813439	0.818421229793268	-1.000030518509476	-0.18160928871620796	0.8563935817193211
27.109759	1	0.5491651220630596	0.818421229793268	-1.000030518509476	-0.18160928871620796	0.8563935817193211
27.2336536	1	0.5491651220630596	0.8281841642129282	-1.000030518509476	-0.17184635429654782	0.8154581954410772
27.2336536	1	0.5230874486690036	0.8281841642129282	-1.000030518509476	-0.17184635429654782	0.8154581954410772
27.3569314	1	0.5230874486690036	0.8389466591436362	-1.000030518509476	-0.1610838593658398	0.7677846728597311
27.3569314	1	0.5046796792143757	0.8389466591436362	-1.000030518509476	-0.1610838593658398	0.7677846728597311
27.4994352	1	0.5046796792143757	0.8463765250267286	-1.000030518509476	-0.15365399348274744	0.7333138967909705
27.4994352	1	0.4786020058203202	0.8463765250267286	-1.000030518509476	-0.15365399348274744	0.7333138967909705
27.6228201	1	0.4786020058203202	0.8567033072684942	-1.000030518509476	-0.1433272112409818	0.6833202205108294
27.6228201	1	0.4632621979414635	0.8567033072684942	-1.000030518509476	-0.1433272112409818	0.6833202205108294
27.7481826	1	0.4632621979414635	0.8626866648698839	-1.000030518509476	-0.13734385363959212	0.6532768394346046
27.7481826	1	0.4448544284868361	0.8626866648698839	-1.000030518509476	-0.13734385363959212	0.6532768394346046
27.8710877	1	0.4448544284868361	0.8697951757471104	-1.000030518509476	-0.1302353427623656	0.6166035645199291
27.8710877	1	0.42798063982009404	0.8697951757471104	-1.000030518509476	-0.1302353427623656	0.6166035645199291
27.9958639	1	0.42798063982009404	0.8762576988600717	-1.000030518509476	-0.12377281964940434	0.5823910622925693
27.9958639	1	0.41264083194123735	0.8762576988600717	-1.000030518509476	-0.12377281964940434	0.5823910622925693
28.1207351	1	0.41264083194123735	0.8821012843727482	-1.000030518509476	-0.11792923413672785	0.5507946371583271
28.1207351	1	0.40036898563815226	0.8821012843727482	-1.000030518509476	-0.11792923413672785	0.5507946371583271
28.2455406	1	0.40036898563815226	0.8867630122784944	-1.000030518509476	-0.11326750623098158	0.5251786510746391
28.2455406	1	0.38196121618352485	0.8867630122784944	-1.000030518509476	-0.11326750623098158	0.5251786510746391
28.3714074	1	0.38196121618352485	0.8937495041496608	-1.000030518509476	-0.10628101435981518	0.486189928655283
28.3714074	1	0.3696893698804393	0.8937495041496608	-1.000030518509476	-0.10628101435981518	0.486189928655283
28.4973295	1	0.3696893698804393	0.8984139232190423	-1.000030518509476	-0.10161659529043365	0.4598209515131613
28.4973295	1	0.3558835427894689	0.8984139232190423	-1.000030518509476	-0.10161659529043365	0.4598209515131613
28.6209197	1	0.3558835427894689	0.9036798378763707	-1.000030518509476	-0.09635068063310526	0.429795828378463
28.6209197	1	0.34514567727426915	0.9036798378763707	-1.000030518509476	-0.09635068063310526	0.429795828378463
28.7443847	1	0.34514567727426915	0.9077972730534244	-1.000030518509476	-0.0922332454560516	0.4061794079588006
28.7443847	1	0.3359417925469552	0.9077972730534244	-1.000030518509476	-0.0922332454560516	0.4061794079588006
28.8686793	1	0.3359417925469552	0.9113475438016824	-1.000030518509476	-0.08868297470779363	0.3857532203143116
28.8686793	1	0.3221359654559848	0.9113475438016824	-1.000030518509476	-0.08868297470779363	0.3857532203143116
28.9921822	1	0.3221359654559848	0.9167211189619316	-1.000030518509476	-0.08330939954754435	0.35479627074480274
28.9921822	1	0.31139809994078504	0.9167211189619316	-1.000030518509476	-0.08330939954754435	0.35479627074480274
29.1167008	1	0.31139809994078504	0.9209518046195996	-1.000030518509476	-0.07907871388987642	0.33045509643139886
29.1167008	1	0.3037281960013569	0.9209518046195996	-1.000030518509476	-0.07907871388987642	0.33045509643139886
29.2412906	1	0.3037281960013569	0.9240078632283211	-1.000030518509476	-0.07602265528115493	0.31292735752694056
29.2412906	1	0.294524311274043	0.9240078632283211	-1.000030518509476	-0.07602265528115493	0.31292735752694056
29.3657925	1	0.294524311274043	0.927720115320895	-1.000030518509476	-0.07231040318858095	0.2917387664357884
29.3657925	1	0.2837864457588437	0.927720115320895	-1.000030518509476	-0.07231040318858095	0.2917387664357884
29.4898377	1	0.2837864457588437	0.9321252147790456	-1.000030518509476	-0.06790530373043036	0.26680461166386976
29.4898377	1	0.2761165418194156	0.9321252147790456	-1.000030518509476	-0.06790530373043036	0.26680461166386976
29.6150918	1	0.2761165418194156	0.9353300643078523	-1.000030518509476	-0.06470045420162374	0.24885331528904306
29.6150918	1	0.268446637879987	0.9353300643078523	-1.000030518509476	-0.06470045420162374	0.24885331528904306
29.738692	1	0.268446637879987	0.9385924988917247	-1.000030518509476	-0.061438019617751305	0.23078436406133515
29.738692	1	0.25924275315267353	0.9385924988917247	-1.000030518509476	-0.061438019617751305	0.23078436406133515
29.8619364	1	0.25924275315267353	0.9425970729344827	-1.000030518509476	-0.0574334455749933	0.20894631818228585
29.8619364	1	0.2500388684253596	0.9425970729344827	-1.000030518509476	-0.0574334455749933	0.20894631818228585
29.9868409	1	0.2500388684253596	0.946719083349005	-1.000030518509476	-0.05331143516047099	0.1869388493150881
29.9868409	1	0.24543692606170264	0.946719083349005	-1.000030518509476	-0.05331143516047099	0.1869388493150881
30.1107419	1	0.24543692606170264	0.9488321717471887	-1.000030518509476	-0.051198346762287295	0.17587158126093397
30.1107419	1	0.23930100291015988	0.9488321717471887	-1.000030518509476	-0.051198346762287295	0.17587158126093397
30.2343113	1	0.23930100291015988	0.951712666528683	-1.000030518509476	-0.04831785198079297	0.1610493371377819
30.2343113	1	0.2346990605465029	0.951712666528683	-1.000030518509476	-0.04831785198079297	0.1610493371377819
30.3574207	1	0.2346990605465029	0.9539267200066922	-1.000030518509476	-0.04610379850278379	0.14988323900720849
30.3574207	1	0.2270291566070748	0.9539267200066922	-1.000030518509476	-0.04610379850278379	0.14988323900720849
30.4835445	1	0.2270291566070748	0.9577372231543965	-1.000030518509476	-0.04229329535507953	0.13117895157394904
30.4835445	1	0.22089323345553247	0.9577372231543965	-1.000030518509476	-0.04229329535507953	0.13117895157394904
30.6107073	1	0.22089323345553247	0.9609150674195646	-1.000030518509476	-0.039115451089911435	0.11613081013326823
30.6107073	1	0.2147573103039897	0.9609150674195646	-1.000030518509476	-0.039115451089911435	0.11613081013326823
30.734528	1	0.2147573103039897	0.9642349417634805	-1.000030518509476	-0.03579557674599554	0.10100736958674307
30.734528	1	0.20862138715244738	0.9642349417634805	-1.000030518509476	-0.03579557674599554	0.10100736958674307
30.8582289	1	0.20862138715244738	0.9677318604396574	-1.000030518509476	-0.032298658069818575	0.08580862993437574
30.8582289	1	0.20862138715244738	0.9677318604396574	-1.000030518509476	-0.032298658069818575	0.08580862993437574
30.9854987	1	0.20862138715244738	0.9677318604396574	-1.000030518509476	-0.032298658069818575	0.08580862993437574
30.9854987	1	0.20401944478879042	0.9677318604396574	-1.000030518509476	-0.032298658069818575	0.08580862993437574
31.111126	1	0.20401944478879042	0.9705005262704778	-1.000030518509476	-0.029529992238998215	0.07436016015689004
31.111126	1	0.2024854640009046	0.9705005262704778	-1.000030518509476	-0.029529992238998215	0.07436016015689004
31.236447	1	0.2024854640009046	0.9714568390657735	-1.000030518509476	-0.028573679443702482	0.07053459117616404
31.236447	1	0.19788352163724765	0.9714568390657735	-1.000030518509476	-0.028573679443702482	0.07053459117616404
31.3604851	1	0.19788352163724765	0.9744465377343038	-1.000030518509476	-0.02558398077517221	0.05902964706929588
31.3604851	1	0.1963495408493623	0.9744465377343038	-1.000030518509476	-0.02558398077517221	0.05902964706929588
31.4851313	1	0.1963495408493623	0.9754897487078396	-1.000030518509476	-0.02454076980163644	0.05518525331211016
31.4851313	1	0.19174759848570533	0.9754897487078396	-1.000030518509476	-0.02454076980163644	0.05518525331211016
31.609649	1	0.19174759848570533	0.9787962353749641	-1.000030518509476	-0.021234283134511922	0.04362383487585955
31.609649	1	0.19021361769781953	0.9787962353749641	-1.000030518509476	-0.021234283134511922	0.04362383487585955
31.7331397	1	0.19021361769781953	0.9799698175448195	-1.000030518509476	-0.020060700964656508	0.0397606163422119
31.7331397	1	0.18714565612204836	0.9799698175448195	-1.000030518509476	-0.020060700964656508	0.0397606163422119
31.8744758	1	0.18714565612204836	0.9824564894797243	-1.000030518509476	-0.017574029029751692	0.03202006069257211
31.8744758	1	0.18407769454627676	0.9824564894797243	-1.000030518509476	-0.017574029029751692	0.03202006069257211
32.0005076	1	0.18407769454627676	0.985188047629298	-1.000030518509476	-0.014842470880177983	0.024260680266470366
32.0005076	1	0.17794177139473444	0.985188047629298	-1.000030518509476	-0.014842470880177983	0.024260680266470366
32.1260873	1	0.17794177139473444	0.9920553466631478	-1.000030518509476	-0.007975171846328233	0.008685445084886684
32.1260873	1	0.17794177139473444	0.9920553466631478	-1.000030518509476	-0.007975171846328233	0.008685445084886684
32.2514202	1	0.17794177139473444	0.9920553466631478	-1.000030518509476	-0.007975171846328233	0.008685445084886684
32.2514202	1	0.1794757521826198	0.9920553466631478	-1.000030518509476	-0.007975171846328233	0.008685445084886684
32.3757935	1	0.1794757521826198	0.9900551746186265	-1.000030518509476	-0.00997534389084953	0.012586313171454847
32.3757935	1	0.17794177139473444	0.9900551746186265	-1.000030518509476	-0.00997534389084953	0.012586313171454847
32.5003374	1	0.17794177139473444	0.9920553466631478	-1.000030518509476	-0.007975171846328233	0.008685445084886684
32.5003374	1	0.1794757521826198	0.9920553466631478	-1.000030518509476	-0.007975171846328233	0.008685445084886684
32.6246014	1	0.1794757521826198	0.9900551746186265	-1.000030518509476	-0.00997534389084953	0.012586313171454847
32.6246014	1	0.1794757521826198	0.9900551746186265	-1.000030518509476	-0.00997534389084953	0.012586313171454847
32.6246014	1	0.17794177139473444	0.9900551746186265	-1.000030518509476	-0.00997534389084953	0.012586313171454847
32.8708576	1	0.17794177139473444	0.9920553466631478	-1.000030518509476	-0.007975171846328233	0.008685445084886684
32.8708576	1	0.17794177139473444	0.9920553466631478	-1.000030518509476	-0.007975171846328233	0.008685445084886684
32.9945057	1	0.17794177139473444	0.9920553466631478	-1.000030518509476	-0.007975171846328233	0.008685445084886684
32.9945057	1	0.17794177139473444	0.9920553466631478	-1.000030518509476	-0.007975171846328233	0.008685445084886684
33.1193847	1	0.17794177139473444	0.9920553466631478	-1.000030518509476	-0.007975171846328233	0.008685445084886684
33.1193847	1	0.17794177139473444	0.9920553466631478	-1.000030518509476	-0.007975171846328233	0.008685445084886684
33.2438677	1	0.17794177139473444	0.9920553466631478	-1.000030518509476	-0.007975171846328233	0.008685445084886684
33.2438677	1	0.17794177139473444	0.9920553466631478	-1.000030518509476	-0.007975171846328233	0.008685445084886684
33.3849208	1	0.17794177139473444	0.9920553466631478	-1.000030518509476	-0.007975171846328233	0.008685445084886684
33.3849208	1	0.17794177139473444	0.9920553466631478	-1.000030518509476	-0.007975171846328233	0.008685445084886684
33.5097875	1	0.17794177139473444	0.9920553466631478	-1.000030518509476	-0.007975171846328233	0.008685445084886684
33.5097875	1	0.17794177139473444	0.9920553466631478	-1.000030518509476	-0.007975171846328233	0.008685445084886684
33.6348153	1	0.17794177139473444	0.9920553466631478	-1.000030518509476	-0.007975171846328233	0.008685445084886684
33.6348153	1	0.17794177139473444	0.9920553466631478	-1.000030518509476	-0.007975171846328233	0.008685445084886684
33.7604799	1	0.17794177139473444	0.9920553466631478	-1.000030518509476	-0.007975171846328233	0.008685445084886684
33.7604799	1	0.1794757521826198	0.9920553466631478	-1.000030518509476	-0.007975171846328233	0.008685445084886684
33.884843	1	0.1794757521826198	0.9900551746186265	-1.000030518509476	-0.00997534389084953	0.012586313171454847
33.884843	1	0.17794177139473444	0.9900551746186265	-1.000030518509476	-0.00997534389084953	0.012586313171454847
34.0110347	1	0.17794177139473444	0.9920553466631478	-1.000030518509476	-0.007975171846328233	0.008685445084886684
34.0110347	1	0.17794177139473444	0.9920553466631478	-1.000030518509476	-0.007975171846328233	0.008685445084886684
34.1368053	1	0.17794177139473444	0.9920553466631478	-1.000030518509476	-0.007975171846328233	0.008685445084886684
34.1368053	1	0.17794177139473444	0.9920553466631478	-1.000030518509476	-0.007975171846328233	0.008685445084886684
34.2607977	1	0.17794177139473444	0.9920553466631478	-1.000030518509476	-0.007975171846328233	0.008685445084886684
34.2607977	1	0.17794177139473444	0.9920553466631478	-1.000030518509476	-0.007975171846328233	0.008685445084886684
34.3858106	1	0.17794177139473444	0.9920553466631478	-1.000030518509476	-0.007975171846328233	0.008685445084886684
34.3858106	1	0.17794177139473444	0.9920553466631478	-1.000030518509476	-0.007975171846328233	0.008685445084886684
34.5081633	1	0.17794177139473444	0.9920553466631478	-1.000030518509476	-0.007975171846328233	0.008685445084886684
34.5081633	1	0.17794177139473444	0.9920553466631478	-1.000030518509476	-0.007975171846328233	0.008685445084886684
34.6323317	1	0.17794177139473444	0.9920553466631478	-1.000030518509476	-0.007975171846328233	0.008685445084886684
34.6323317	1	0.1794757521826198	0.9920553466631478	-1.000030518509476	-0.007975171846328233	0.008685445084886684
34.7564466	1	0.1794757521826198	0.9612762201827612	-0.9712515640736107	-0.00997534389084953	0.012586313171454847
34.7564466	1	0.17794177139473444	0.9612762201827612	-0.9712515640736107	-0.00997534389084953	0.012586313171454847
34.8799643	1	0.17794177139473444	0.35522560942751435	-0.3632007812738426	-0.007975171846328233	0.008685445084886684
34.8799643	1	0.17794177139473444	0.35522560942751435	-0.3632007812738426	-0.007975171846328233	0.008685445084886684
