time	mode	theta	u	uh	u+uh	h
1.83E-05	1	2.6031653970419333	0	0	0	0.29796850200101266
1.83E-05	1	2.6031653970419333	0	0	0	0.29796850200101266
1.83E-05	1	2.604699377829819	0	0	0	0.29796850200101266
0.1380582	1	2.604699377829819	0	0	0	0.29442887719144284
0.1380582	1	2.604699377829819	0	0	0	0.29442887719144284
0.2598821	1	2.604699377829819	0	0	0	0.29442887719144284
0.2598821	1	2.604699377829819	0	0	0	0.29442887719144284
0.3841814	1	2.604699377829819	0	0	0	0.29442887719144284
0.3841814	1	2.604699377829819	0	0	0	0.29442887719144284
0.5072194	1	2.604699377829819	0	0	0	0.29442887719144284
0.5072194	1	2.6031653970419333	0	0	0	0.29442887719144284
0.6314327	1	2.6031653970419333	0	0	0	0.29796850200101266
0.6314327	1	2.604699377829819	0	0	0	0.29796850200101266
0.7561311	1	2.604699377829819	0	-1	-1	0.29442887719144284
0.7561311	1	2.59702947389039	0	-1	-1	0.29442887719144284
0.8798814	1	2.59702947389039	0	-1	-1	0.3120799392981398
0.8798814	1	2.468175087707997	0	-1	-1	0.3120799392981398
1.0047109	1	2.468175087707997	0	-1	-1	0.5910260290879826
1.0047109	1	2.319378951283089	0	-1	-1	0.5910260290879826
1.1290003	1	2.319378951283089	0	-1	-1	0.8718290220192668
1.1290003	1	2.198194469040124	0	-1	-1	0.8718290220192668
1.2520256	1	2.198194469040124	0	-1	-1	1.0678067815774916
1.2520256	1	2.06934008285773	0	-1	-1	1.0678067815774916
1.3746919	1	2.06934008285773	0	-1	-1	1.2439695918912699
1.3746919	1	1.9420196774632217	0	-1	-1	1.2439695918912699
1.512759	1	1.9420196774632217	0	-1	-1	1.3854189475763636
1.512759	1	1.7978254834019713	0	-1	-1	1.3854189475763636
1.6359859	1	1.7978254834019713	0	-1	-1	1.5064637745681078
1.6359859	1	1.6720390587953489	0	-1	-1	1.5064637745681078
1.758954	1	1.6720390587953489	0	-1	-1	1.578096173719207
1.758954	1	1.5462526341887264	0	-1	-1	1.578096173719207
1.8820374	1	1.5462526341887264	0	-1	-1	1.618084123639671
1.8820374	1	1.4220001903699897	0	-1	-1	1.618084123639671
2.007719	1	1.4220001903699897	0	-1	-1	1.6265164751827534
2.007719	1	1.2946797849754814	0	-1	-1	1.6265164751827534
2.1310932	1	1.2946797849754814	0	-1	-1	1.6031266757886944
2.1310932	1	1.1719613219446297	0	-1	-1	1.6031266757886944
2.2554502	1	1.1719613219446297	0.025161020902651206	-1	-0.9748389790973488	1.5498979051994315
2.2554502	1	1.0415729549743507	0.025161020902651206	-1	-0.9748389790973488	1.5498979051994315
2.3970495	1	1.0415729549743507	0.3745807216960347	-1	-0.6254192783039654	1.4603401502154685
2.3970495	1	0.909650607216185	0.3745807216960347	-1	-0.6254192783039654	1.4603401502154685
2.520217	1	0.909650607216185	0.5677559043137238	-1	-0.4322440956862762	1.3351241292555358
2.520217	1	0.8421554525492172	0.5677559043137238	-1	-0.4322440956862762	1.3351241292555358
2.6417858	1	0.8421554525492172	0.6380491924561323	-1	-0.36195080754386766	1.2576004033623653
2.6417858	1	0.7930680673368764	0.6380491924561323	-1	-0.36195080754386766	1.2576004033623653
2.7652194	1	0.7930680673368764	0.6816258466949928	-1	-0.3183741533050072	1.1954967797596063
2.7652194	1	0.7501166052760784	0.6816258466949928	-1	-0.3183741533050072	1.1954967797596063
2.8886719	1	0.7501166052760784	0.7157307340568162	-1	-0.2842692659431838	1.1372029060504207
2.8886719	1	0.7117670855789373	0.7157307340568162	-1	-0.2842692659431838	1.1372029060504207
3.0119376	1	0.7117670855789373	0.7435677880133188	-1	-0.2564322119866812	1.0820369509230392
3.0119376	1	0.6764855274575678	0.7435677880133188	-1	-0.2564322119866812	1.0820369509230392
3.1352457	1	0.6764855274575678	0.7673282404024965	-1	-0.23267175959750352	1.0286864530542559
3.1352457	1	0.6442719309119691	0.7673282404024965	-1	-0.23267175959750352	1.0286864530542559
3.2589875	1	0.6442719309119691	0.7876778136467915	-1	-0.21232218635320854	0.9778008672319674
3.2589875	1	0.6181942575179136	0.7876778136467915	-1	-0.21232218635320854	0.9778008672319674
3.3820537	1	0.6181942575179136	0.8033168526180441	-1	-0.19668314738195591	0.9350876732480475
3.3820537	1	0.5905826033359718	0.8033168526180441	-1	-0.19668314738195591	0.9350876732480475
3.5057461	1	0.5905826033359718	0.8191433975531642	-1	-0.18085660244683577	0.8883794872952538
3.5057461	1	0.5675728915176874	0.8191433975531642	-1	-0.18085660244683577	0.8883794872952538
3.6290873	1	0.5675728915176874	0.831806707691039	-1	-0.16819329230896096	0.8482912159577467
3.6290873	1	0.5445631796994026	0.831806707691039	-1	-0.16819329230896096	0.8482912159577467
3.7515834	1	0.5445631796994026	0.8440311504686674	-1	-0.1559688495313326	0.8071440509443177
3.7515834	1	0.5230874486690036	0.8440311504686674	-1	-0.1559688495313326	0.8071440509443177
3.875972	1	0.5230874486690036	0.8550735008633027	-1	-0.1449264991366973	0.7677846728597311
3.875972	1	0.5031456984264904	0.8550735008633027	-1	-0.1449264991366973	0.7677846728597311
3.9992055	1	0.5031456984264904	0.8650313089365651	-1	-0.1349686910634349	0.7304107418568254
3.9992055	1	0.4847379289718625	0.8650313089365651	-1	-0.1349686910634349	0.7304107418568254
4.1242925	1	0.4847379289718625	0.8739859750716523	-1	-0.12601402492834768	0.6952057995060928
4.1242925	1	0.46786414030512047	0.8739859750716523	-1	-0.12601402492834768	0.6952057995060928
4.2480825	1	0.46786414030512047	0.8820056603300367	-1	-0.11799433966996331	0.6623392687956816
4.2480825	1	0.4509903516383784	0.8820056603300367	-1	-0.11799433966996331	0.6623392687956816
4.3703794	1	0.4509903516383784	0.889854218035573	-1	-0.11014578196442704	0.6289032885973306
4.3703794	1	0.44025248612317913	0.889854218035573	-1	-0.11014578196442704	0.6289032885973306
4.4931621	1	0.44025248612317913	0.8947635799000929	-1	-0.10523642009990708	0.6073293564236679
4.4931621	1	0.4233786974564371	0.8947635799000929	-1	-0.10523642009990708	0.6073293564236679
4.6166983	1	0.4233786974564371	0.9023502439103188	-1	-0.09764975608968118	0.5729615497905065
4.6166983	1	0.41417481272912315	0.9023502439103188	-1	-0.09764975608968118	0.5729615497905065
4.6166983	1	0.41417481272912315	0.9023502439103188	-1	-0.09764975608968118	0.5729615497905065
4.7583996	1	0.41417481272912315	0.9064248044840276	-1	-0.09357519551597238	0.55397545754527
4.7583996	1	0.40036898563815226	0.9064248044840276	-1	-0.09357519551597238	0.55397545754527
4.8814282	1	0.40036898563815226	0.9124556415852811	-1	-0.08754435841471886	0.5251786510746391
4.8814282	1	0.3880971393350672	0.9124556415852811	-1	-0.08754435841471886	0.5251786510746391
5.0045526	1	0.3880971393350672	0.9177374926658937	-1	-0.08226250733410634	0.49926146856757797
5.0045526	1	0.37889325460775325	0.9177374926658937	-1	-0.08226250733410634	0.49926146856757797
5.1281116	1	0.37889325460775325	0.9216517577200912	-1	-0.07834824227990878	0.47962592153444333
5.1281116	1	0.3696893698804393	0.9216517577200912	-1	-0.07834824227990878	0.47962592153444333
5.2512064	1	0.3696893698804393	0.9255267782753464	-1	-0.07447322172465365	0.4598209515131613
5.2512064	1	0.35895150436524004	0.9255267782753464	-1	-0.07447322172465365	0.4598209515131613
5.3763146	1	0.35895150436524004	0.9299993596718809	-1	-0.07000064032811915	0.4365010213227578
5.3763146	1	0.3497476196379261	0.9299993596718809	-1	-0.07000064032811915	0.4365010213227578
5.5003501	1	0.3497476196379261	0.933792717454666	-1	-0.06620728254533403	0.41632896816048987
5.5003501	1	0.342077715698498	0.933792717454666	-1	-0.06620728254533403	0.41632896816048987
5.625164	1	0.342077715698498	0.9369261517538416	-1	-0.06307384824615836	0.39938950352043207
5.625164	1	0.33287383097118406	0.9369261517538416	-1	-0.06307384824615836	0.39938950352043207
5.7475793	1	0.33287383097118406	0.9406538120145902	-1	-0.059346187985409804	0.3789068415465606
5.7475793	1	0.3221359654559848	0.9406538120145902	-1	-0.059346187985409804	0.3789068415465606
5.8732022	1	0.3221359654559848	0.944959087808957	-1	-0.05504091219104301	0.35479627074480274
5.8732022	1	0.32060198466809897	0.944959087808957	-1	-0.05504091219104301	0.35479627074480274
5.9974095	1	0.32060198466809897	0.9455703618373331	-1	-0.05442963816266688	0.35133307871094754
5.9974095	1	0.31139809994078504	0.9455703618373331	-1	-0.05442963816266688	0.35133307871094754
6.1203679	1	0.31139809994078504	0.949218610604936	-1	-0.05078138939506405	0.33045509643139886
6.1203679	1	0.3083301383650139	0.949218610604936	-1	-0.05078138939506405	0.33045509643139886
6.243932	1	0.3083301383650139	0.9504273941368115	-1	-0.04957260586318846	0.32345811945196135
6.243932	1	0.3021942152134711	0.9504273941368115	-1	-0.04957260586318846	0.32345811945196135
6.3678581	1	0.3021942152134711	0.9528341876792751	-1	-0.04716581232072492	0.30940769116370287
6.3678581	1	0.2960582920619288	0.9528341876792751	-1	-0.04716581232072492	0.30940769116370287
6.4922404	1	0.2960582920619288	0.9552268074502042	-1	-0.04477319254979584	0.2952819637696021
6.4922404	1	0.28838838812250067	0.9552268074502042	-1	-0.04477319254979584	0.2952819637696021
6.6157977	1	0.28838838812250067	0.9581979924170739	-1	-0.04180200758292607	0.27751891515938354
6.6157977	1	0.2837864457588437	0.9581979924170739	-1	-0.04180200758292607	0.27751891515938354
6.7384912	1	0.2837864457588437	0.9599704204161836	-1	-0.040029579583816366	0.26680461166386976
6.7384912	1	0.27765052260730094	0.9599704204161836	-1	-0.040029579583816366	0.26680461166386976
6.8635259	1	0.27765052260730094	0.962321849275172	-1	-0.03767815072482805	0.25245298695223817
6.8635259	1	0.273048580243644	0.962321849275172	-1	-0.03767815072482805	0.25245298695223817
6.9878669	1	0.273048580243644	0.9640766799749018	-1	-0.03592332002509824	0.24163985338030508
6.9878669	1	0.26691265709210166	0.9640766799749018	-1	-0.03592332002509824	0.24163985338030508
7.1123106	1	0.26691265709210166	0.9664049658449451	-1	-0.03359503415505494	0.22715645523344882
7.1123106	1	0.2638446955163305	0.9664049658449451	-1	-0.03359503415505494	0.22715645523344882
7.2333575	1	0.2638446955163305	0.967564242478642	-1	-0.032435757521357966	0.21988651899532943
7.2333575	1	0.2623107147284447	0.967564242478642	-1	-0.032435757521357966	0.21988651899532943
7.3584318	1	0.2623107147284447	0.9681426752173861	-1	-0.03185732478261394	0.21624449158509643
7.3584318	1	0.25770877236478773	0.9681426752173861	-1	-0.03185732478261394	0.21624449158509643
7.4828238	1	0.25770877236478773	0.9698731883409513	-1	-0.030126811659048736	0.20529017218970722
7.4828238	1	0.25617479157690193	0.9698731883409513	-1	-0.030126811659048736	0.20529017218970722
7.6075659	1	0.25617479157690193	0.9704484412637601	-1	-0.029551558736239936	0.20162932000301337
7.6075659	1	0.2500388684253596	0.9704484412637601	-1	-0.029551558736239936	0.20162932000301337
7.7477819	1	0.2500388684253596	0.9727416100536118	-1	-0.027258389946388184	0.1869388493150881
7.7477819	1	0.2500388684253596	0.9727416100536118	-1	-0.027258389946388184	0.1869388493150881
7.8721495	1	0.2500388684253596	0.9727416100536118	-1	-0.027258389946388184	0.1869388493150881
7.8721495	1	0.24390294527381684	0.9727416100536118	-1	-0.027258389946388184	0.1869388493150881
7.9949418	1	0.24390294527381684	0.9750223738186414	-1	-0.02497762618135857	0.1721730795213185
7.9949418	1	0.24236896448593148	0.9750223738186414	-1	-0.02497762618135857	0.1721730795213185
8.1179494	1	0.24236896448593148	0.9755906486299888	-1	-0.024409351370011212	0.1684698715875889
8.1179494	1	0.23930100291015988	0.9755906486299888	-1	-0.024409351370011212	0.1684698715875889
8.2420286	1	0.23930100291015988	0.9767249192868451	-1	-0.023275080713154872	0.1610493371377819
8.2420286	1	0.23776702212227452	0.9767249192868451	-1	-0.023275080713154872	0.1610493371377819
8.3648807	1	0.23776702212227452	0.9772909208991167	-1	-0.022709079100883267	0.15733201062170668
8.3648807	1	0.2346990605465029	0.9772909208991167	-1	-0.022709079100883267	0.15733201062170668
8.4872712	1	0.2346990605465029	0.9784206709990895	-1	-0.02157932900091053	0.14988323900720849
8.4872712	1	0.23163109897073175	0.9784206709990895	-1	-0.02157932900091053	0.14988323900720849
8.6129024	1	0.23163109897073175	0.9795474358418508	-1	-0.020452564158149222	0.14241564261625053
8.6129024	1	0.2285631373949606	0.9795474358418508	-1	-0.020452564158149222	0.14241564261625053
8.7368577	1	0.2285631373949606	0.9806712379186148	-1	-0.01932876208138523	0.13492922144883177
8.7368577	1	0.22549517581918943	0.9806712379186148	-1	-0.01932876208138523	0.13492922144883177
8.8588244	1	0.22549517581918943	0.9817920994952272	-1	-0.018207900504772834	0.12742397550495219
8.8588244	1	0.22089323345553247	0.9817920994952272	-1	-0.018207900504772834	0.12742397550495219
8.9829387	1	0.22089323345553247	0.9834679265818944	-1	-0.016532073418105586	0.11613081013326823
8.9829387	1	0.21935925266764666	0.9834679265818944	-1	-0.016532073418105586	0.11613081013326823
9.1065925	1	0.21935925266764666	0.9840250891013904	-1	-0.015974910898609584	0.11235700928780948
9.1065925	1	0.2147573103039897	0.9840250891013904	-1	-0.015974910898609584	0.11235700928780948
9.230835	1	0.2147573103039897	0.9856922748489422	-1	-0.014307725151057826	0.10100736958674307
9.230835	1	0.2147573103039897	0.9856922748489422	-1	-0.014307725151057826	0.10100736958674307
9.3555699	1	0.2147573103039897	0.9856922748489422	-1	-0.014307725151057826	0.10100736958674307
9.3555699	1	0.20862138715244738	0.9856922748489422	-1	-0.014307725151057826	0.10100736958674307
9.4780549	1	0.20862138715244738	0.9879052508325402	-1	-0.012094749167459784	0.08580862993437574
9.4780549	1	0.20862138715244738	0.9879052508325402	-1	-0.012094749167459784	0.08580862993437574
9.6027015	1	0.20862138715244738	0.9879052508325402	-1	-0.012094749167459784	0.08580862993437574
9.6027015	1	0.20401944478879042	0.9879052508325402	-1	-0.012094749167459784	0.08580862993437574
9.7254213	1	0.20401944478879042	0.9895576208125694	-1	-0.010442379187430628	0.07436016015689004
9.7254213	1	0.2009514832130188	0.9895576208125694	-1	-0.010442379187430628	0.07436016015689004
9.8655208	1	0.2009514832130188	0.9906557338242619	-1	-0.009344266175738136	0.06670431600132282
9.8655208	1	0.2009514832130188	0.9906557338242619	-1	-0.009344266175738136	0.06670431600132282
9.9903046	1	0.2009514832130188	0.9906557338242619	-1	-0.009344266175738136	0.06670431600132282
9.9903046	1	0.2009514832130188	0.9906557338242619	-1	-0.009344266175738136	0.06670431600132282
10.1135044	1	0.2009514832130188	0.9906557338242619	-1	-0.009344266175738136	0.06670431600132282
10.1135044	1	0.2009514832130188	0.9906557338242619	-1	-0.009344266175738136	0.06670431600132282
10.2369252	1	0.2009514832130188	0.9906557338242619	-1	-0.009344266175738136	0.06670431600132282
10.2369252	1	0.2009514832130188	0.9906557338242619	-1	-0.009344266175738136	0.06670431600132282
10.3603276	1	0.2009514832130188	0.9906557338242619	-1	-0.009344266175738136	0.06670431600132282
10.3603276	1	0.2009514832130188	0.9906557338242619	-1	-0.009344266175738136	0.06670431600132282
10.4838689	1	0.2009514832130188	0.9906557338242619	-1	-0.009344266175738136	0.06670431600132282
10.4838689	1	0.2009514832130188	0.9906557338242619	-1	-0.009344266175738136	0.06670431600132282
10.6052933	1	0.2009514832130188	0.9906557338242619	-1	-0.009344266175738136	0.06670431600132282
10.6052933	1	0.2009514832130188	0.9906557338242619	-1	-0.009344266175738136	0.06670431600132282
10.7292503	1	0.2009514832130188	0.9906557338242619	-1	-0.009344266175738136	0.06670431600132282
10.7292503	1	0.2024854640009046	0.9906557338242619	-1	-0.009344266175738136	0.06670431600132282
10.8510712	1	0.2024854640009046	0.9901070223109422	-1	-0.009892977689057836	0.07053459117616404
10.8510712	1	0.2009514832130188	0.9901070223109422	-1	-0.009892977689057836	0.07053459117616404
10.9741035	1	0.2009514832130188	0.9906557338242619	-1	-0.009344266175738136	0.06670431600132282
10.9741035	1	0.2024854640009046	0.9906557338242619	-1	-0.009344266175738136	0.06670431600132282
11.0979722	1	0.2024854640009046	0.9901070223109422	-1	-0.009892977689057836	0.07053459117616404
11.0979722	1	0.2009514832130188	0.9901070223109422	-1	-0.009892977689057836	0.07053459117616404
11.2198548	1	0.2009514832130188	0.9906557338242619	-1	-0.009344266175738136	0.06670431600132282
11.2198548	1	0.2009514832130188	0.9906557338242619	-1	-0.009344266175738136	0.06670431600132282
11.3438263	1	0.2009514832130188	0.9906557338242619	-1	-0.009344266175738136	0.06670431600132282
11.3438263	1	0.2009514832130188	0.9906557338242619	-1	-0.009344266175738136	0.06670431600132282
11.4670384	1	0.2009514832130188	0.9906557338242619	-1	-0.009344266175738136	0.06670431600132282
11.4670384	1	0.2009514832130188	0.9906557338242619	-1	-0.009344266175738136	0.06670431600132282
11.5913559	1	0.2009514832130188	0.9906557338242619	-1	-0.009344266175738136	0.06670431600132282
11.5913559	1	0.2009514832130188	0.9906557338242619	-1	-0.009344266175738136	0.06670431600132282
11.7144151	1	0.2009514832130188	0.9906557338242619	-1	-0.009344266175738136	0.06670431600132282
11.7144151	1	0.2009514832130188	0.9906557338242619	-1	-0.009344266175738136	0.06670431600132282
11.8390792	1	0.2009514832130188	0.9906557338242619	-1	-0.009344266175738136	0.06670431600132282
11.8390792	1	0.2009514832130188	0.9906557338242619	-1	-0.009344266175738136	0.06670431600132282
11.9650678	1	0.2009514832130188	0.9906557338242619	-1	-0.009344266175738136	0.06670431600132282
11.9650678	1	0.2009514832130188	0.9906557338242619	-1	-0.009344266175738136	0.06670431600132282
12.0900528	1	0.2009514832130188	0.9906557338242619	-1	-0.009344266175738136	0.06670431600132282
12.0900528	1	0.2009514832130188	0.9906557338242619	-1	-0.009344266175738136	0.06670431600132282
12.213589	1	0.2009514832130188	0	1	1	0.06670431600132282
12.213589	1	0.20555342557667577	0	1	1	0.06670431600132282
12.3366625	1	0.20555342557667577	0	1	1	0.07818102294349974
12.3366625	1	0.29912625363769996	0	1	1	0.07818102294349974
12.4619417	1	0.29912625363769996	0	1	1	0.3023542398548829
12.4619417	1	0.4371845245474075	0	1	1	0.3023542398548829
12.5837479	1	0.4371845245474075	0	1	1	0.6011230200555838
12.5837479	1	0.5553010452146019	0	1	1	0.6011230200555838
12.7077213	1	0.5553010452146019	0	1	1	0.826477834719143
12.7077213	1	0.6764855274575678	0	1	1	0.826477834719143
12.8299448	1	0.6764855274575678	0	1	1	1.0286864530542559
12.8299448	1	0.8007379712763045	0	1	1	1.0286864530542559
12.9532814	1	0.8007379712763045	0	1	1	1.2055181390503136
12.9532814	1	0.9249904150950412	0	1	1	1.2055181390503136
13.0760582	1	0.9249904150950412	0	1	1	1.3514724854565148
13.0760582	1	1.0461748973380072	0	1	1	1.3514724854565148
13.197115	1	1.0461748973380072	0	1	1	1.464079874032249
13.197115	1	1.1704273411567439	0	1	1	1.464079874032249
13.3221216	1	1.1704273411567439	0	1	1	1.5490419447053998
13.3221216	1	1.299281727339138	0	1	1	1.5490419447053998
13.4449674	1	1.299281727339138	0	1	1	1.6045368335184487
13.4449674	1	1.4235341711578746	0	1	1	1.6045368335184487
13.5669209	1	1.4235341711578746	0	1	1	1.6266006198418914
13.5669209	1	1.549320595764498	0	1	1	1.6266006198418914
13.6905648	1	1.549320595764498	0	1	1	1.6174853033171688
13.6905648	1	1.6781749819468912	0	1	1	1.6174853033171688
13.8147047	1	1.6781749819468912	0	1	1	1.5753360766279545
13.8147047	1	1.8054953873413995	0	1	1	1.5753360766279545
13.9387558	1	1.8054953873413995	-0.2606622825332189	1	0.7393377174667811	1.5010723481315202
13.9387558	1	1.9343497735237936	-0.2606622825332189	1	0.7393377174667811	1.5010723481315202
14.063131	1	1.9343497735237936	-0.49652908908243276	1	0.5034709109175672	1.392904630394217
14.063131	1	2.0309905631605893	-0.49652908908243276	1	0.5034709109175672	1.392904630394217
14.1879007	1	2.0309905631605893	-0.611313607121709	1	0.388686392878291	1.2899868102407848
14.1879007	1	2.0938837754639	-0.611313607121709	1	0.388686392878291	1.2899868102407848
14.3132752	1	2.0938837754639	-0.6702283497939898	1	0.3297716502060102	1.212974940477793
14.3132752	1	2.1414371798883547	-0.6702283497939898	1	0.3297716502060102	1.212974940477793
14.4369602	1	2.1414371798883547	-0.7089858714189206	1	0.29101412858107945	1.1494943409512555
14.4369602	1	2.1843886419491527	-0.7089858714189206	1	0.29101412858107945	1.1494943409512555
14.5612925	1	2.1843886419491527	-0.7406039110643334	1	0.25939608893566657	1.0882697089107074
14.5612925	1	2.2212041808584084	-0.7406039110643334	1	0.25939608893566657	1.0882697089107074
14.6839725	1	2.2212041808584084	-0.7655678095584888	1	0.2344321904415112	1.0328547877480638
14.6839725	1	2.2564857389797783	-0.7655678095584888	1	0.2344321904415112	1.0328547877480638
14.8077005	1	2.2564857389797783	-0.7879044216974664	1	0.21209557830253356	0.9772051237145959
14.8077005	1	2.287165354737491	-0.7879044216974664	1	0.21209557830253356	0.9772051237145959
14.9325835	1	2.287165354737491	-0.8062199594809925	1	0.19378004051900755	0.926790448042043
14.9325835	1	2.3147770089194326	-0.8062199594809925	1	0.19378004051900755	0.926790448042043
15.0558528	1	2.3147770089194326	-0.8219183547158311	1	0.17808164528416892	0.8798077215493447
15.0558528	1	2.339320701525603	-0.8219183547158311	1	0.17808164528416892	0.8798077215493447
15.1804883	1	2.339320701525603	-0.8353058967969781	1	0.1646941032030219	0.8367652132009444
15.1804883	1	2.3607964325560014	-0.8353058967969781	1	0.1646941032030219	0.8367652132009444
15.306135	1	2.3607964325560014	-0.8466179287802503	1	0.15338207121974967	0.7981147176319018
15.306135	1	2.3838061443742866	-0.8466179287802503	1	0.15338207121974967	0.7981147176319018
15.44689	1	2.3838061443742866	-0.8583523258115177	1	0.14164767418848234	0.7556798751592972
15.44689	1	2.4037478946167994	-0.8583523258115177	1	0.14164767418848234	0.7556798751592972
15.5703421	1	2.4037478946167994	-0.8682212453661087	1	0.13177875463389133	0.7180464843540748
15.5703421	1	2.423689644859313	-0.8682212453661087	1	0.13177875463389133	0.7180464843540748
15.6928893	1	2.423689644859313	-0.8778288166671608	1	0.12217118333283916	0.679617746743381
15.6928893	1	2.440563433526055	-0.8778288166671608	1	0.12217118333283916	0.679617746743381
15.8150225	1	2.440563433526055	-0.8857658686085015	1	0.11423413139149852	0.6464799049880492
15.8150225	1	2.4543692606170255	-0.8857658686085015	1	0.11423413139149852	0.6464799049880492
15.9389007	1	2.4543692606170255	-0.8921352309976774	1	0.10786476900232256	0.6189435678996826
15.9389007	1	2.4712430492837676	-0.8921352309976774	1	0.10786476900232256	0.6189435678996826
16.0627971	1	2.4712430492837676	-0.8997748235123317	1	0.10022517648766827	0.5847703634390057
16.0627971	1	2.4819809147989673	-0.8997748235123317	1	0.10022517648766827	0.5847703634390057
16.1876024	1	2.4819809147989673	-0.904556569492623	1	0.09544343050737703	0.562727288552953
16.1876024	1	2.494252761102053	-0.904556569492623	1	0.09544343050737703	0.562727288552953
16.3120913	1	2.494252761102053	-0.9099483134652363	1	0.0900516865347637	0.5372528313219801
16.3120913	1	2.509592568980909	-0.9099483134652363	1	0.0900516865347637	0.5372528313219801
16.4348861	1	2.509592568980909	-0.9165823002892015	1	0.08341769971079849	0.504986202312897
16.4348861	1	2.520330434496109	-0.9165823002892015	1	0.08341769971079849	0.504986202312897
16.5594232	1	2.520330434496109	-0.921158720200241	1	0.07884127979975897	0.48211954345668345
16.5594232	1	2.529534319223422	-0.921158720200241	1	0.07884127979975897	0.48211954345668345
16.6801296	1	2.529534319223422	-0.9250386502580538	1	0.07496134974194624	0.4623360085808667
16.6801296	1	2.537204223162851	-0.9250386502580538	1	0.07496134974194624	0.4623360085808667
16.8001384	1	2.537204223162851	-0.928242570437049	1	0.07175742956295095	0.44572030917951483
16.8001384	1	2.546408107890164	-0.928242570437049	1	0.07175742956295095	0.44572030917951483
16.9242814	1	2.546408107890164	-0.932052886791191	1	0.06794711320880897	0.42562616549209464
16.9242814	1	2.555611992617478	-0.932052886791191	1	0.06794711320880897	0.42562616549209464
17.0455317	1	2.555611992617478	-0.9358265741008398	1	0.0641734258991602	0.40536259881652514
17.0455317	1	2.5663498581326776	-0.9358265741008398	1	0.0641734258991602	0.40536259881652514
17.1693079	1	2.5663498581326776	-0.9401841231330866	1	0.059815876866913364	0.38150763919611863
17.1693079	1	2.5740197620721057	-0.9401841231330866	1	0.059815876866913364	0.38150763919611863
17.2934152	1	2.5740197620721057	-0.9432676613922917	1	0.05673233860770832	0.3643271965009441
17.2934152	1	2.581689666011534	-0.9432676613922917	1	0.05673233860770832	0.3643271965009441
17.4189293	1	2.581689666011534	-0.946327592590671	1	0.05367240740932899	0.34702909895288947
17.4189293	1	2.589359569950962	-0.946327592590671	1	0.05367240740932899	0.34702909895288947
17.5426519	1	2.589359569950962	-0.9493643935611954	1	0.0506356064388046	0.3296133465519547
17.5426519	1	2.59702947389039	-0.9493643935611954	1	0.0506356064388046	0.3296133465519547
17.6669981	1	2.59702947389039	-0.9523785283808178	1	0.047621471619182176	0.3120799392981398
17.6669981	1	2.6016314162540475	-0.9523785283808178	1	0.047621471619182176	0.3120799392981398
17.792556	1	2.6016314162540475	-0.9541763179466564	1	0.04582368205334364	0.30150342061646723
17.792556	1	2.606233358617704	-0.9541763179466564	1	0.04582368205334364	0.30150342061646723
17.9170457	1	2.606233358617704	-0.955966206057648	1	0.04403379394235196	0.29088454618775983
17.9170457	1	2.612369281769247	-0.955966206057648	1	0.04403379394235196	0.29088454618775983
18.0396481	1	2.612369281769247	-0.9583405946206237	1	0.04165940537937629	0.27666016023186774
18.0396481	1	2.6185052049207895	-0.9583405946206237	1	0.04165940537937629	0.27666016023186774
18.1653211	1	2.6185052049207895	-0.9607013217644929	1	0.039298678235507145	0.2623604751701344
18.1653211	1	2.624641128072332	-0.9607013217644929	1	0.039298678235507145	0.2623604751701344
18.2888167	1	2.624641128072332	-0.9630486016123633	1	0.036951398387636725	0.2479854910025578
18.2888167	1	2.630777051223874	-0.9630486016123633	1	0.036951398387636725	0.2479854910025578
18.4123414	1	2.630777051223874	-0.9653826438358385	1	0.034617356164161506	0.2335352077291379
18.4123414	1	2.6369129743754174	-0.9653826438358385	1	0.034617356164161506	0.2335352077291379
18.5351247	1	2.6369129743754174	-0.9677036537700974	1	0.03229634622990263	0.21900962534987267
18.5351247	1	2.638446955163303	-0.9677036537700974	1	0.03229634622990263	0.21900962534987267
18.6580871	1	2.638446955163303	-0.9682818936173581	1	0.03171810638264194	0.21536646426976835
18.6580871	1	2.6430488975269597	-0.9682818936173581	1	0.03171810638264194	0.21536646426976835
18.7803599	1	2.6430488975269597	-0.9700118325254266	1	0.029988167474573446	0.20440874386476626
18.7803599	1	2.6461168591027313	-0.9700118325254266	1	0.029988167474573446	0.20440874386476626
18.9031619	1	2.6461168591027313	-0.9711611719293856	1	0.028838828070614442	0.19708006595752078
18.9031619	1	2.649184820678502	-0.9711611719293856	1	0.028838828070614442	0.19708006595752078
19.0273057	1	2.649184820678502	-0.9723073770953263	1	0.02769262290467367	0.1897325632738166
19.0273057	1	2.6522527822542736	-0.9723073770953263	1	0.02769262290467367	0.1897325632738166
19.1518817	1	2.6522527822542736	-0.9734504720213826	1	0.026549527978617427	0.18236623581364947
19.1518817	1	2.6553207438300452	-0.9734504720213826	1	0.026549527978617427	0.18236623581364947
19.2760542	1	2.6553207438300452	-0.9745904804613142	1	0.025409519538685754	0.1749810835770215
19.2760542	1	2.658388705405816	-0.9745904804613142	1	0.025409519538685754	0.1749810835770215
19.4003226	1	2.658388705405816	-0.975727425927609	1	0.02427257407239103	0.16757710656393487
19.4003226	1	2.6629906477694734	-0.975727425927609	1	0.02427257407239103	0.16757710656393487
19.5237449	1	2.6629906477694734	-0.9774271518995608	1	0.022572848100439247	0.15643584458843768
19.5237449	1	2.66759259013313	-0.9774271518995608	1	0.022572848100439247	0.15643584458843768
19.6461627	1	2.66759259013313	-0.9791201160543392	1	0.02087988394566076	0.1452522268659058
19.6461627	1	2.6706605517089015	-0.9791201160543392	1	0.02087988394566076	0.1452522268659058
19.7701217	1	2.6706605517089015	-0.98024504003153	1	0.019754959968469987	0.13777295074697374
19.7701217	1	2.675262494072558	-0.98024504003153	1	0.019754959968469987	0.13777295074697374
19.8938879	1	2.675262494072558	-0.9819269036865718	1	0.01807309631342824	0.1265187401127138
19.8938879	1	2.6783304556483296	-0.9819269036865718	1	0.01807309631342824	0.1265187401127138
20.016861	1	2.6783304556483296	-0.9830444967712856	1	0.01695550322871442	0.1189924020526297
20.016861	1	2.6798644364362154	-0.9830444967712856	1	0.01695550322871442	0.1189924020526297
20.1400156	1	2.6798644364362154	-0.9836022067024922	1	0.01639779329750779	0.11522217373141484
20.1400156	1	2.6860003595877577	-0.9836022067024922	1	0.01639779329750779	0.11522217373141484
20.2624388	1	2.6860003595877577	-0.9858258652964188	1	0.014174134703581198	0.10009419850540555
20.2624388	1	2.6890683211635293	-0.9858258652964188	1	0.014174134703581198	0.10009419850540555
20.3866591	1	2.6890683211635293	-0.9869334232600462	1	0.013066576739953817	0.09250197372770858
20.3866591	1	2.693670263527186	-0.9869334232600462	1	0.013066576739953817	0.09250197372770858
20.5110791	1	2.693670263527186	-0.9885894803174847	1	0.011410519682515274	0.08107834010530128
20.5110791	1	2.699806186678728	-0.9885894803174847	1	0.011410519682515274	0.08107834010530128
20.6346719	1	2.699806186678728	-0.9907878094907974	1	0.009212190509202633	0.06578094189114463
20.6346719	1	2.699806186678728	-0.9907878094907974	1	0.009212190509202633	0.06578094189114463
20.7574348	1	2.699806186678728	-0.9907878094907974	1	0.009212190509202633	0.06578094189114463
20.7574348	1	2.699806186678728	-0.9907878094907974	1	0.009212190509202633	0.06578094189114463
20.8811334	1	2.699806186678728	-0.9907878094907974	1	0.009212190509202633	0.06578094189114463
20.8811334	1	2.699806186678728	-0.9907878094907974	1	0.009212190509202633	0.06578094189114463
21.005861	1	2.699806186678728	-0.9907878094907974	1	0.009212190509202633	0.06578094189114463
21.005861	1	2.699806186678728	-0.9907878094907974	1	0.009212190509202633	0.06578094189114463
21.1284415	1	2.699806186678728	-0.9907878094907974	1	0.009212190509202633	0.06578094189114463
21.1284415	1	2.699806186678728	-0.9907878094907974	1	0.009212190509202633	0.06578094189114463
21.2533653	1	2.699806186678728	-0.9907878094907974	1	0.009212190509202633	0.06578094189114463
21.2533653	1	2.699806186678728	-0.9907878094907974	1	0.009212190509202633	0.06578094189114463
21.3772994	1	2.699806186678728	-0.9907878094907974	1	0.009212190509202633	0.06578094189114463
21.3772994	1	2.699806186678728	-0.9907878094907974	1	0.009212190509202633	0.06578094189114463
21.4998204	1	2.699806186678728	-0.9907878094907974	1	0.009212190509202633	0.06578094189114463
21.4998204	1	2.699806186678728	-0.9907878094907974	1	0.009212190509202633	0.06578094189114463
21.6227389	1	2.699806186678728	-0.9907878094907974	1	0.009212190509202633	0.06578094189114463
21.6227389	1	2.699806186678728	-0.9907878094907974	1	0.009212190509202633	0.06578094189114463
21.7455294	1	2.699806186678728	-0.9907878094907974	1	0.009212190509202633	0.06578094189114463
21.7455294	1	2.699806186678728	-0.9907878094907974	1	0.009212190509202633	0.06578094189114463
21.8681572	1	2.699806186678728	-0.9907878094907974	1	0.009212190509202633	0.06578094189114463
21.8681572	1	2.699806186678728	-0.9907878094907974	1	0.009212190509202633	0.06578094189114463
21.991949	1	2.699806186678728	-0.9907878094907974	1	0.009212190509202633	0.06578094189114463
21.991949	1	2.699806186678728	-0.9907878094907974	1	0.009212190509202633	0.06578094189114463
22.1155808	1	2.699806186678728	-0.9907878094907974	1	0.009212190509202633	0.06578094189114463
22.1155808	1	2.699806186678728	-0.9907878094907974	1	0.009212190509202633	0.06578094189114463
22.2378203	1	2.699806186678728	-0.9907878094907974	1	0.009212190509202633	0.06578094189114463
22.2378203	1	2.699806186678728	-0.9907878094907974	1	0.009212190509202633	0.06578094189114463
22.3607548	1	2.699806186678728	-0.9907878094907974	1	0.009212190509202633	0.06578094189114463
22.3607548	1	2.699806186678728	-0.9907878094907974	1	0.009212190509202633	0.06578094189114463
22.4851965	1	2.699806186678728	-0.9907878094907974	1	0.009212190509202633	0.06578094189114463
22.4851965	1	2.699806186678728	-0.9907878094907974	1	0.009212190509202633	0.06578094189114463
22.6086833	1	2.699806186678728	-0.9907878094907974	1	0.009212190509202633	0.06578094189114463
22.6086833	1	2.699806186678728	-0.9907878094907974	1	0.009212190509202633	0.06578094189114463
22.7311592	1	2.699806186678728	-0.9907878094907974	1	0.009212190509202633	0.06578094189114463
22.7311592	1	2.699806186678728	-0.9907878094907974	1	0.009212190509202633	0.06578094189114463
22.8560929	1	2.699806186678728	0	-1	-1	0.06578094189114463
22.8560929	1	2.6967382251029575	0	-1	-1	0.06578094189114463
22.9792333	1	2.6967382251029575	0	-1	-1	0.07343905338645225
22.9792333	1	2.570951800496335	0	-1	-1	0.07343905338645225
23.1041746	1	2.570951800496335	0	-1	-1	0.3712134921613583
23.1041746	1	2.4022139138289145	0	-1	-1	0.3712134921613583
23.227308	1	2.4022139138289145	0	-1	-1	0.720969597734551
23.227308	1	2.285631373949605	0	-1	-1	0.720969597734551
23.3522742	1	2.285631373949605	0	-1	-1	0.9293558906697654
23.3522742	1	2.1506410646156686	0	-1	-1	0.9293558906697654
23.4770165	1	2.1506410646156686	0	-1	-1	1.1366853857541699
23.4770165	1	2.026388620796932	0	-1	-1	1.1366853857541699
23.6010512	1	2.026388620796932	0	-1	-1	1.2953112162898885
23.6010512	1	1.8944662730387671	0	-1	-1	1.2953112162898885
23.7264462	1	1.8944662730387671	0	-1	-1	1.4299335848186272
23.7264462	1	1.765611886856373	0	-1	-1	1.4299335848186272
23.8503352	1	1.765611886856373	0	-1	-1	1.5278229746083238
23.8503352	1	1.636757500673979	0	-1	-1	1.5278229746083238
23.9739359	1	1.636757500673979	0	-1	-1	1.5925054587211376
23.9739359	1	1.514039037643128	0	-1	-1	1.5925054587211376
24.0980168	1	1.514039037643128	0	0	0	1.6232351911471232
24.0980168	1	1.4035924209153618	0	0	0	1.6232351911471232
24.2207811	1	1.4035924209153618	0	1	1	1.6251396561321112
24.2207811	1	1.4127963056426758	0	1	1	1.6251396561321112
24.3433157	1	1.4127963056426758	0	1	1	1.625912777151506
24.3433157	1	1.5155730184310139	0	1	1	1.625912777151506
24.4681704	1	1.5155730184310139	0	1	1	1.623036964159349
24.4681704	1	1.6551652701286068	0	1	1	1.623036964159349
24.5909243	1	1.6551652701286068	0	1	1	1.585298179705647
24.5909243	1	1.782485675523115	0	1	1	1.585298179705647
24.714922	1	1.782485675523115	-0.20113421172341564	1	0.7988657882765844	1.5168936628826422
24.714922	1	1.9082721001297376	-0.20113421172341564	1	0.7988657882765844	1.5168936628826422
24.8385893	1	1.9082721001297376	-0.4584802849165367	1	0.5415197150834633	1.4174758936753755
24.8385893	1	2.0110488129180757	-0.4584802849165367	1	0.5415197150834633	1.4174758936753755
24.9611994	1	2.0110488129180757	-0.5903897781597436	1	0.4096102218402564	1.3127533338360775
24.9611994	1	2.0800779483729297	-0.5903897781597436	1	0.4096102218402564	1.3127533338360775
25.0841836	1	2.0800779483729297	-0.6581154038936514	1	0.3418845961063486	1.2305576770125022
25.0841836	1	2.130699314373156	-0.6581154038936514	1	0.3418845961063486	1.2305576770125022
25.208844	1	2.130699314373156	-0.7006059812061014	1	0.2993940187938986	1.164223990182279
25.208844	1	2.175184757221839	-0.7006059812061014	1	0.2993940187938986	1.164223990182279
25.3321288	1	2.175184757221839	-0.7340690243903943	1	0.26593097560960566	1.101699881731
25.3321288	1	2.2104663153432087	-0.7340690243903943	1	0.26593097560960566	1.101699881731
25.4547594	1	2.2104663153432087	-0.7584719638454479	1	0.2415280361545521	1.049297491637023
25.4547594	1	2.2457478734645786	-0.7584719638454479	1	0.2415280361545521	1.049297491637023
25.5790357	1	2.2457478734645786	-0.7812580779689168	1	0.21874192203108322	0.9944055248561031
25.5790357	1	2.274893508434406	-0.7812580779689168	1	0.21874192203108322	0.9944055248561031
25.7009701	1	2.274893508434406	-0.7990093346595188	1	0.20099066534048116	0.9471822156285934
25.7009701	1	2.304039143404233	-0.7990093346595188	1	0.20099066534048116	0.9471822156285934
25.8245954	1	2.304039143404233	-0.8158969341012868	1	0.18410306589871317	0.8982599703254964
25.8245954	1	2.3270488552225173	-0.8158969341012868	1	0.18410306589871317	0.8982599703254964
25.948331	1	2.3270488552225173	-0.8286757511635322	1	0.1713242488364678	0.8584370655868319
25.948331	1	2.3515925478286883	-0.8286757511635322	1	0.1713242488364678	0.8584370655868319
26.0733509	1	2.3515925478286883	-0.8418139888818034	1	0.15818601111819663	0.8147921643916839
26.0733509	1	2.3746022596469727	-0.8418139888818034	1	0.15818601111819663	0.8147921643916839
26.1965797	1	2.3746022596469727	-0.8537046120861346	1	0.14629538791386543	0.7727808793894493
26.1965797	1	2.3960779906773713	-0.8537046120861346	1	0.14629538791386543	0.7727808793894493
26.1965797	1	2.3960779906773713	-0.8537046120861346	1	0.14629538791386543	0.7727808793894493
26.3379526	1	2.3960779906773713	-0.8644573387171827	1	0.13554266128281733	0.7326149893153109
26.3379526	1	2.4190877024956565	-0.8644573387171827	1	0.13554266128281733	0.7326149893153109
26.4604105	1	2.4190877024956565	-0.8756340367320007	1	0.12436596326799931	0.6885565098729606
26.4604105	1	2.4374954719502835	-0.8756340367320007	1	0.12436596326799931	0.6885565098729606
26.5831971	1	2.4374954719502835	-0.8843354401085847	1	0.11566455989141533	0.6525473228724198
26.5831971	1	2.4543692606170255	-0.8843354401085847	1	0.11566455989141533	0.6525473228724198
26.7059454	1	2.4543692606170255	-0.8921352309976774	1	0.10786476900232256	0.6189435678996826
26.7059454	1	2.4697090684958827	-0.8921352309976774	1	0.10786476900232256	0.6189435678996826
26.8286481	1	2.4697090684958827	-0.8990867257047741	1	0.1009132742952259	0.5879005493605509
26.8286481	1	2.4819809147989673	-0.8990867257047741	1	0.1009132742952259	0.5879005493605509
26.9534136	1	2.4819809147989673	-0.904556569492623	1	0.09544343050737703	0.562727288552953
26.9534136	1	2.492718780314167	-0.904556569492623	1	0.09544343050737703	0.562727288552953
27.078472	1	2.492718780314167	-0.9092785222846075	1	0.09072147771539252	0.5404536101552552
27.078472	1	2.5080585881930233	-0.9092785222846075	1	0.09072147771539252	0.5404536101552552
27.2026165	1	2.5080585881930233	-0.9159240559905377	1	0.08407594400946228	0.5082340430873241
27.2026165	1	2.518796453708223	-0.9159240559905377	1	0.08407594400946228	0.5082340430873241
27.3269102	1	2.518796453708223	-0.9205082647586439	1	0.07949173524135611	0.48540032758991697
27.3269102	1	2.5310683000113077	-0.9205082647586439	1	0.07949173524135611	0.48540032758991697
27.4506987	1	2.5310683000113077	-0.9256815479844268	1	0.07431845201557319	0.45902228108882676
27.4506987	1	2.538738203950736	-0.9256815479844268	1	0.07431845201557319	0.45902228108882676
27.57444	1	2.538738203950736	-0.9288802062766468	1	0.0711197937233532	0.44238305071690076
27.57444	1	2.5494760694659355	-0.9288802062766468	1	0.0711197937233532	0.44238305071690076
27.6978816	1	2.5494760694659355	-0.9333148070206033	1	0.06668519297939668	0.418890468043365
27.6978816	1	2.5571459734053636	-0.9333148070206033	1	0.06668519297939668	0.418890468043365
27.820619	1	2.5571459734053636	-0.9364520249829609	1	0.06354797501703913	0.4019688660245267
27.820619	1	2.5678838389205634	-0.9364520249829609	1	0.06354797501703913	0.4019688660245267
27.9447758	1	2.5678838389205634	-0.940802742677555	1	0.05919725732244496	0.3780809630453137
27.9447758	1	2.5770877236478773	-0.940802742677555	1	0.05919725732244496	0.3780809630453137
28.0674057	1	2.5770877236478773	-0.9444944397255051	1	0.055505560274494936	0.35742207606406706
28.0674057	1	2.5847576275873054	-0.9444944397255051	1	0.055505560274494936	0.35742207606406706
28.1922131	1	2.5847576275873054	-0.9475450623368153	1	0.05245493766318465	0.34007691657486033
28.1922131	1	2.5908935507388478	-0.9475450623368153	1	0.05245493766318465	0.34007691657486033
28.315095	1	2.5908935507388478	-0.9499690191864052	1	0.050030980813594805	0.32611607748942173
28.315095	1	2.59702947389039	-0.9499690191864052	1	0.050030980813594805	0.32611607748942173
28.4393612	1	2.59702947389039	-0.9523785283808178	1	0.047621471619182176	0.3120799392981398
28.4393612	1	2.6031653970419333	-0.9523785283808178	1	0.047621471619182176	0.3120799392981398
28.5633816	1	2.6031653970419333	-0.9547738205841657	1	0.04522617941583429	0.29796850200101266
28.5633816	1	2.60776733940559	-0.9547738205841657	1	0.04522617941583429	0.29796850200101266
28.6872658	1	2.60776733940559	-0.9565610958369838	1	0.04343890416301621	0.28733550898995963
28.6872658	1	2.615437243345018	-0.9565610958369838	1	0.04343890416301621	0.28733550898995963
28.8104279	1	2.615437243345018	-0.9595226523815465	1	0.04047734761845345	0.2695197300892325
28.8104279	1	2.621573166496561	-0.9595226523815465	1	0.04047734761845345	0.2695197300892325
28.9334393	1	2.621573166496561	-0.9618766293929871	1	0.038123370607012874	0.25518239547457544
28.9334393	1	2.6277090896481035	-0.9618766293929871	1	0.038123370607012874	0.25518239547457544
29.0578301	1	2.6277090896481035	-0.964217264493391	1	0.03578273550660904	0.24076976175407722
29.0578301	1	2.633845012799646	-0.964217264493391	1	0.03578273550660904	0.24076976175407722
29.1810201	1	2.633845012799646	-0.9665447651719895	1	0.033455234828010494	0.2262818289277357
29.1810201	1	2.6353789935875316	-0.9665447651719895	1	0.033455234828010494	0.2262818289277357
29.3037802	1	2.6353789935875316	-0.9671246119942533	1	0.03287538800574674	0.2226480802358618
29.3037802	1	2.638446955163303	-0.9671246119942533	1	0.03287538800574674	0.2226480802358618
29.4274305	1	2.638446955163303	-0.9682818936173581	1	0.03171810638264194	0.21536646426976835
29.4274305	1	2.641514916739074	-0.9682818936173581	1	0.03171810638264194	0.21536646426976835
29.5498083	1	2.641514916739074	-0.969435979917178	1	0.030564020082821997	0.2080660235272162
29.5498083	1	2.6461168591027313	-0.969435979917178	1	0.030564020082821997	0.2080660235272162
29.6719284	1	2.6461168591027313	-0.9711611719293856	1	0.028838828070614442	0.19708006595752078
29.6719284	1	2.6476508398906162	-0.9711611719293856	1	0.028838828070614442	0.19708006595752078
29.796534	1	2.6476508398906162	-0.9717346647864606	1	0.028265335213539355	0.19340866771272736
29.796534	1	2.650718801466388	-0.9717346647864606	1	0.028265335213539355	0.19340866771272736
29.9200719	1	2.650718801466388	-0.9728793118480391	1	0.027120688151960892	0.18605175264079063
29.9200719	1	2.6537867630421594	-0.9728793118480391	1	0.027120688151960892	0.18605175264079063
30.0423829	1	2.6537867630421594	-0.9740208605769648	1	0.025979139423035202	0.1786760127923931
30.0423829	1	2.658388705405816	-0.9740208605769648	1	0.025979139423035202	0.1786760127923931
30.1664524	1	2.658388705405816	-0.975727425927609	1	0.02427257407239103	0.16757710656393487
30.1664524	1	2.6599226861937018	-0.975727425927609	1	0.02427257407239103	0.16757710656393487
30.2914924	1	2.6599226861937018	-0.9762947573280762	1	0.023705242671923754	0.16386805876621768
30.2914924	1	2.666058609345244	-0.9762947573280762	1	0.023705242671923754	0.16386805876621768
30.4139105	1	2.666058609345244	-0.9785565412430072	1	0.021443458756992828	0.14898480563419902
30.4139105	1	2.66759259013313	-0.9785565412430072	1	0.021443458756992828	0.14898480563419902
30.5385707	1	2.66759259013313	-0.9791201160543392	1	0.02087988394566076	0.1452522268659058
30.5385707	1	2.6721945324967873	-0.9791201160543392	1	0.02087988394566076	0.1452522268659058
30.6600834	1	2.6721945324967873	-0.9808063947851073	1	0.01919360521489266	0.13402625339633492
30.6600834	1	2.675262494072558	-0.9808063947851073	1	0.01919360521489266	0.13402625339633492
30.7830261	1	2.675262494072558	-0.9819269036865718	1	0.01807309631342824	0.1265187401127138
30.7830261	1	2.6783304556483296	-0.9819269036865718	1	0.01807309631342824	0.1265187401127138
30.9072421	1	2.6783304556483296	-0.9830444967712856	1	0.01695550322871442	0.1189924020526297
30.9072421	1	2.682932398011986	-0.9830444967712856	1	0.01695550322871442	0.1189924020526297
31.0484313	1	2.682932398011986	-0.9847154668640512	1	0.015284533135948797	0.10766759850664169
31.0484313	1	2.6875343403756435	-0.9847154668640512	1	0.015284533135948797	0.10766759850664169
31.1697841	1	2.6875343403756435	-0.9863799980162834	1	0.013620001983716601	0.09630043921361466
31.1697841	1	2.6921362827393	-0.9863799980162834	1	0.013620001983716601	0.09630043921361466
31.2966787	1	2.6921362827393	-0.9880381618053061	1	0.011961838194693875	0.08489092417355298
31.2966787	1	2.6967382251029575	-0.9880381618053061	1	0.011961838194693875	0.08489092417355298
31.4206694	1	2.6967382251029575	-0.9896900287514582	1	0.010309971248541827	0.07343905338645225
31.4206694	1	2.6982722058908424	-0.9896900287514582	1	0.010309971248541827	0.07343905338645225
31.5438521	1	2.6982722058908424	-0.9902392638073186	1	0.009760736192681363	0.06961235073585716
31.5438521	1	2.6982722058908424	-0.9902392638073186	1	0.009760736192681363	0.06961235073585716
31.6673327	1	2.6982722058908424	-0.9902392638073186	1	0.009760736192681363	0.06961235073585716
31.6673327	1	2.6982722058908424	-0.9902392638073186	1	0.009760736192681363	0.06961235073585716
31.7909706	1	2.6982722058908424	-0.9902392638073186	1	0.009760736192681363	0.06961235073585716
31.7909706	1	2.6982722058908424	-0.9902392638073186	1	0.009760736192681363	0.06961235073585716
31.9143729	1	2.6982722058908424	-0.9902392638073186	1	0.009760736192681363	0.06961235073585716
31.9143729	1	2.6982722058908424	-0.9902392638073186	1	0.009760736192681363	0.06961235073585716
32.0373731	1	2.6982722058908424	-0.9902392638073186	1	0.009760736192681363	0.06961235073585716
32.0373731	1	2.6982722058908424	-0.9902392638073186	1	0.009760736192681363	0.06961235073585716
32.1596698	1	2.6982722058908424	-0.9902392638073186	1	0.009760736192681363	0.06961235073585716
32.1596698	1	2.6982722058908424	-0.9902392638073186	1	0.009760736192681363	0.06961235073585716
32.2980974	1	2.6982722058908424	-0.9902392638073186	1	0.009760736192681363	0.06961235073585716
32.2980974	1	2.6982722058908424	-0.9902392638073186	1	0.009760736192681363	0.06961235073585716
32.4211272	1	2.6982722058908424	-0.9902392638073186	1	0.009760736192681363	0.06961235073585716
32.4211272	1	2.6982722058908424	-0.9902392638073186	1	0.009760736192681363	0.06961235073585716
32.5453822	1	2.6982722058908424	-0.9902392638073186	1	0.009760736192681363	0.06961235073585716
32.5453822	1	2.6967382251029575	-0.9902392638073186	1	0.009760736192681363	0.06961235073585716
32.6658806	1	2.6967382251029575	-0.9896900287514582	1	0.010309971248541827	0.07343905338645225
32.6658806	1	2.6982722058908424	-0.9896900287514582	1	0.010309971248541827	0.07343905338645225
32.8063522	1	2.6982722058908424	0	0	0	0.06961235073585716
32.8063522	1	2.6982722058908424	0	0	0	0.06961235073585716
32.9303646	1	2.6982722058908424	0	0	0	0.06961235073585716
32.9303646	1	2.6982722058908424	0	0	0	0.06961235073585716
33.0539607	1	2.6982722058908424	0	0	0	0.06961235073585716
33.0539607	1	2.6982722058908424	0	0	0	0.06961235073585716
33.1782859	1	2.6982722058908424	0	0	0	0.06961235073585716
33.1782859	1	2.6982722058908424	0	0	0	0.06961235073585716
33.3042139	1	2.6982722058908424	0	0	0	0.06961235073585716
33.3042139	1	2.6967382251029575	0	0	0	0.06961235073585716
33.4272068	2	2.6967382251029575	0	0	0	0.07343905338645225
33.4272068	2	2.6967382251029575	0	0	0	0.07343905338645225
