time	mode	theta	u	uh	u+uh	h
4.5E-06	0	2.604699377829819	0	0	0	0
4.5E-06	0	2.604699377829819	0	0	0	0
4.5E-06	0	2.604699377829819	0	0	0	0
0.1357114	0	2.604699377829819	0	0	0	0
0.1357114	0	2.604699377829819	0	0	0	0
0.2600239	0	2.604699377829819	0	0	0	0
0.2600239	0	2.604699377829819	0	0	0	0
0.3997507	0	2.604699377829819	0	0	0	0
0.3997507	0	2.6031653970419333	0	0	0	0
0.5257947	0	2.6031653970419333	0	0	0	0
0.5257947	0	2.604699377829819	0	0	0	0
0.6504328	0	2.604699377829819	0	0	0	0
0.6504328	0	2.604699377829819	0	0	0	0
0.7736933	0	2.604699377829819	0	0	0	0
0.7736933	0	2.604699377829819	0	0	0	0
0.8977595	0	2.604699377829819	0	0	0	0
0.8977595	0	2.604699377829819	0	0	0	0
1.0208023	0	2.604699377829819	0	0	0	0
1.0208023	0	2.604699377829819	0	0	0	0
1.1471761	0	2.604699377829819	0	0	0	0
1.1471761	0	2.604699377829819	0	0	0	0
1.2690376	0	2.604699377829819	0	0	0	0
1.2690376	0	2.604699377829819	0	0	0	0
1.393687	0	2.604699377829819	0	0	0	0
1.393687	0	2.604699377829819	0	0	0	0
1.5184267	0	2.604699377829819	0	0	0	0
1.5184267	0	2.604699377829819	0	0	0	0
1.6428417	0	2.604699377829819	0	0	0	0
1.6428417	0	2.604699377829819	0	0	0	0
1.7659936	0	2.604699377829819	0	0	0	0
1.7659936	0	2.604699377829819	0	0	0	0
1.8899639	0	2.604699377829819	0	0	0	0
1.8899639	0	2.604699377829819	0	0	0	0
2.0126672	0	2.604699377829819	0	0	0	0
2.0126672	0	2.604699377829819	0	0	0	0
2.1347291	0	2.604699377829819	0	0	0	0
2.1347291	0	2.604699377829819	0	0	0	0
2.2598536	0	2.604699377829819	0	0	0	0
2.2598536	0	2.604699377829819	0	0	0	0
2.3836627	0	2.604699377829819	0	0	0	0
2.3836627	0	2.6031653970419333	0	0	0	0
2.50695	0	2.6031653970419333	0	0	0	0
2.50695	0	2.604699377829819	0	0	0	0
2.6314221	0	2.604699377829819	0	0	0	0
2.6314221	0	2.604699377829819	0	0	0	0
2.7537471	0	2.604699377829819	0	0	0	0
2.7537471	0	2.604699377829819	0	0	0	0
2.875856	0	2.604699377829819	0	0	0	0
2.875856	0	2.604699377829819	0	0	0	0
2.9991408	0	2.604699377829819	0	0	0	0
2.9991408	0	2.604699377829819	0	0	0	0
3.1242429	0	2.604699377829819	0	0	0	0
3.1242429	0	2.604699377829819	0	0	0	0
3.2489303	0	2.604699377829819	0	0	0	0
3.2489303	0	2.604699377829819	0	0	0	0
3.3888576	0	2.604699377829819	0	0	0	0
3.3888576	0	2.604699377829819	0	0	0	0
3.5117797	0	2.604699377829819	0	0	0	0
3.5117797	0	2.604699377829819	0	0	0	0
3.6342623	0	2.604699377829819	0	0	0	0
3.6342623	0	2.604699377829819	0	0	0	0
3.7563081	0	2.604699377829819	0	0	0	0
3.7563081	0	2.604699377829819	0	0	0	0
3.8795015	0	2.604699377829819	0	0	0	0
3.8795015	0	2.604699377829819	0	0	0	0
4.0037997	0	2.604699377829819	0	0	0	0
4.0037997	0	2.604699377829819	0	0	0	0
4.1268149	0	2.604699377829819	0	0	0	0
4.1268149	0	2.604699377829819	0	0	0	0
4.2505633	0	2.604699377829819	0	0	0	0
4.2505633	0	2.604699377829819	0	0	0	0
4.3727095	0	2.604699377829819	0	0	0	0
4.3727095	0	2.604699377829819	0	0	0	0
4.4960154	0	2.604699377829819	0	0	0	0
4.4960154	0	2.604699377829819	0	0	0	0
4.6182841	0	2.604699377829819	0	0	0	0
4.6182841	0	2.604699377829819	0	0	0	0
4.7421474	0	2.604699377829819	0	0	0	0
4.7421474	0	2.604699377829819	0	0	0	0
4.866742	0	2.604699377829819	0	0	0	0
4.866742	0	2.604699377829819	0	0	0	0
4.866742	0	2.604699377829819	0	0	0	0
5.0089752	1	2.604699377829819	0	-1	-1	0.29442887719144284
5.0089752	1	2.598563454678276	0	-1	-1	0.29442887719144284
5.1320904	1	2.598563454678276	0	-1	-1	0.30855913926503087
5.1320904	1	2.4727770300716534	0	-1	-1	0.30855913926503087
5.2551004	1	2.4727770300716534	0	-1	-1	0.5816354713233436
5.2551004	1	2.3224469128588607	0	-1	-1	0.5816354713233436
5.3792104	1	2.3224469128588607	0	-1	-1	0.8664863580286378
5.3792104	1	2.2027964114037806	0	-1	-1	0.8664863580286378
5.5034824	1	2.2027964114037806	0	-1	-1	1.0609010943056802
5.5034824	1	2.0739420252213865	0	-1	-1	1.0609010943056802
5.6268546	1	2.0739420252213865	0	-1	-1	1.2382498655364897
5.6268546	1	1.9450876390389933	0	-1	-1	1.2382498655364897
5.7484512	1	1.9450876390389933	0	-1	-1	1.3823917310904155
5.7484512	1	1.817767233644485	0	-1	-1	1.3823917310904155
5.8719625	1	1.817767233644485	0	-1	-1	1.4922013437389896
5.8719625	1	1.6919808090378625	0	-1	-1	1.4922013437389896
5.9941807	1	1.6919808090378625	0	-1	-1	1.5688505458168969
5.9941807	1	1.56619438443124	0	-1	-1	1.5688505458168969
6.1197679	1	1.56619438443124	0	-1	-1	1.613855298664169
6.1197679	1	1.4388739790367318	0	-1	-1	1.613855298664169
6.2438567	1	1.4388739790367318	0	-1	-1	1.6271832257569356
6.2438567	1	1.3146215352179942	0	-1	-1	1.6271832257569356
6.3673519	1	1.3146215352179942	0	-1	-1	1.6089314566668083
6.3673519	1	1.1888351106113717	0	-1	-1	1.6089314566668083
6.4922511	1	1.1888351106113717	0.12600530868947457	-1	-0.8739946913105254	1.5590028618221752
6.4922511	1	1.0630486860047492	0.12600530868947457	-1	-0.8739946913105254	1.5590028618221752
6.6153335	1	1.0630486860047492	0.42869493689563004	-1	-0.5713050631043699	1.477429817746907
6.6153335	1	0.9572040116406404	0.42869493689563004	-1	-0.5713050631043699	1.477429817746907
6.7374245	1	0.9572040116406404	0.5685477137791488	-1	-0.4314522862208512	1.3842721672940728
6.7374245	1	0.9019807032767568	0.5685477137791488	-1	-0.4314522862208512	1.3842721672940728
6.8596797	1	0.9019807032767568	0.6217608394784833	-1	-0.37823916052151674	1.3267734688757262
6.8596797	1	0.8482913757007595	0.6217608394784833	-1	-0.37823916052151674	1.3267734688757262
6.9973315	1	0.8482913757007595	0.6652110452159666	-1	-0.33478895478403337	1.265024510336415
6.9973315	1	0.8007379712763045	0.6652110452159666	-1	-0.33478895478403337	1.265024510336415
7.120304	1	0.8007379712763045	0.6985658204694564	-1	-0.30143417953054363	1.2055181390503136
7.120304	1	0.7593204900033923	0.6985658204694564	-1	-0.30143417953054363	1.2055181390503136
7.2441376	1	0.7593204900033923	0.724539513064444	-1	-0.275460486935556	1.1500050592282784
7.2441376	1	0.7194369895183659	0.724539513064444	-1	-0.275460486935556	1.1500050592282784
7.367548	1	0.7194369895183659	0.7473554573057407	-1	-0.2526445426942593	1.0933054516542764
7.367548	1	0.6872233929727671	0.7473554573057407	-1	-0.2526445426942593	1.0933054516542764
7.4906753	1	0.6872233929727671	0.7644697869627708	-1	-0.2355302130372292	1.045187107971728
7.4906753	1	0.6550097964271688	0.7644697869627708	-1	-0.2355302130372292	1.045187107971728
7.6159552	1	0.6550097964271688	0.7805869948730145	-1	-0.21941300512698547	0.9949933326843754
7.6159552	1	0.6289321230331129	0.7805869948730145	-1	-0.21941300512698547	0.9949933326843754
7.7397918	1	0.6289321230331129	0.7930009359483264	-1	-0.20699906405167356	0.9528401758001642
7.7397918	1	0.5997864880632857	0.7930009359483264	-1	-0.20699906405167356	0.9528401758001642
7.8630571	1	0.5997864880632857	0.8062926589304643	-1	-0.1937073410695357	0.9041183056009992
7.8630571	1	0.5767767762450009	0.8062926589304643	-1	-0.1937073410695357	0.9041183056009992
7.987623	1	0.5767767762450009	0.8164048226337984	-1	-0.18359517736620157	0.8644535917338596
7.987623	1	0.5522330836388307	0.8164048226337984	-1	-0.18359517736620157	0.8644535917338596
8.1102691	1	0.5522330836388307	0.8268672179915617	-1	-0.1731327820084383	0.8209774274683406
8.1102691	1	0.5276893910326605	0.8268672179915617	-1	-0.1731327820084383	0.8209774274683406
8.2344621	1	0.5276893910326605	0.8370381156467525	-1	-0.16296188435324754	0.7762964775093292
8.2344621	1	0.5077476407901473	0.8370381156467525	-1	-0.16296188435324754	0.7762964775093292
8.3583956	1	0.5077476407901473	0.8451163978144054	-1	-0.1548836021855946	0.7391060880769165
8.3583956	1	0.4862719097597483	0.8451163978144054	-1	-0.1548836021855946	0.7391060880769165
8.4816496	1	0.4862719097597483	0.8536572925603936	-1	-0.14634270743960642	0.6981654287696212
8.4816496	1	0.46786414030512047	0.8536572925603936	-1	-0.14634270743960642	0.6981654287696212
8.6061627	1	0.46786414030512047	0.8608673770908132	-1	-0.13913262290918682	0.6623392687956816
8.6061627	1	0.44945637085049306	0.8608673770908132	-1	-0.13913262290918682	0.6623392687956816
8.7293459	1	0.44945637085049306	0.8679939402957918	-1	-0.1320060597042082	0.6258354168691534
8.7293459	1	0.43565054375952217	0.8679939402957918	-1	-0.1320060597042082	0.6258354168691534
8.8521629	1	0.43565054375952217	0.8732950309936598	-1	-0.1267049690063402	0.5980127925803699
8.8521629	1	0.41570879351700896	0.8732950309936598	-1	-0.1267049690063402	0.5980127925803699
8.9755498	1	0.41570879351700896	0.8809038428209688	-1	-0.11909615717903121	0.5571515717380977
8.9755498	1	0.4034369472139234	0.8809038428209688	-1	-0.11909615717903121	0.5571515717380977
9.0994443	1	0.4034369472139234	0.8855677491780162	-1	-0.11443225082198383	0.5316108847602521
9.0994443	1	0.3865631585471814	0.8855677491780162	-1	-0.11443225082198383	0.5316108847602521
9.2224652	1	0.3865631585471814	0.8919719741485165	-1	-0.10802802585148352	0.4960006428806766
9.2224652	1	0.3727573314562109	0.8919719741485165	-1	-0.10802802585148352	0.4960006428806766
9.3451892	1	0.3727573314562109	0.8972162309879469	-1	-0.1027837690120531	0.4664414329633835
9.3451892	1	0.35741752357735423	0.8972162309879469	-1	-0.1027837690120531	0.4664414329633835
9.4679455	1	0.35741752357735423	0.9030628738383981	-1	-0.09693712616160188	0.4331507779476675
9.4679455	1	0.34667965806215495	0.9030628738383981	-1	-0.09693712616160188	0.4331507779476675
9.591648	1	0.34667965806215495	0.9071770850211122	-1	-0.09282291497888784	0.40956730088681254
9.591648	1	0.3359417925469552	0.9071770850211122	-1	-0.09282291497888784	0.40956730088681254
9.7150638	1	0.3359417925469552	0.9113170252922063	-1	-0.08868297470779374	0.3857532203143116
9.7150638	1	0.3221359654559848	0.9113170252922063	-1	-0.08868297470779374	0.3857532203143116
9.8349237	1	0.3221359654559848	0.9166906004524555	-1	-0.08330939954754446	0.35479627074480274
9.8349237	1	0.31293208072867085	0.9166906004524555	-1	-0.08330939954754446	0.35479627074480274
9.9560133	1	0.31293208072867085	0.9203136966609428	-1	-0.07968630333905724	0.3339465256299453
9.9560133	1	0.3052621767892427	0.9203136966609428	-1	-0.07968630333905724	0.3339465256299453
10.0790964	1	0.3052621767892427	0.9233635943773922	-1	-0.07663640562260776	0.316442317696063
10.0790964	1	0.2960582920619288	0.9233635943773922	-1	-0.07663640562260776	0.316442317696063
10.2039344	1	0.2960582920619288	0.9270671315601419	-1	-0.07293286843985813	0.2952819637696021
10.2039344	1	0.28532042654672907	0.9270671315601419	-1	-0.07293286843985813	0.2952819637696021
10.3286063	1	0.28532042654672907	0.9314599067502837	-1	-0.06854009324971633	0.2703807523564889
10.3286063	1	0.27765052260730094	0.9314599067502837	-1	-0.06854009324971633	0.2703807523564889
10.4520589	1	0.27765052260730094	0.9346542459677476	-1	-0.0653457540322524	0.25245298695223817
10.4520589	1	0.2699806186678728	0.9346542459677476	-1	-0.0653457540322524	0.25245298695223817
10.5761809	1	0.2699806186678728	0.9379044522331474	-1	-0.062095547766852555	0.23440756669510734
10.5761809	1	0.2607767339405589	0.9379044522331474	-1	-0.062095547766852555	0.23440756669510734
10.6980663	1	0.2607767339405589	0.9418915902008388	-1	-0.05810840979916121	0.2125977579807482
10.6980663	1	0.25157284921324496	0.9418915902008388	-1	-0.05810840979916121	0.2125977579807482
10.8207998	1	0.25157284921324496	0.945992366364302	-1	-0.05400763363569805	0.1906185262782417
10.8207998	1	0.24543692606170264	0.945992366364302	-1	-0.05400763363569805	0.1906185262782417
10.9432028	1	0.24543692606170264	0.9488016532377127	-1	-0.051198346762287295	0.17587158126093397
10.9432028	1	0.24083498369804568	0.9488016532377127	-1	-0.051198346762287295	0.17587158126093397
11.0666829	1	0.24083498369804568	0.9509547513632292	-1	-0.049045248636770844	0.164761957459743
11.0666829	1	0.23623304133438872	0.9509547513632292	-1	-0.049045248636770844	0.164761957459743
11.1925726	1	0.23623304133438872	0.9531526577164745	-1	-0.046847342283525495	0.15360997791151518
11.1925726	1	0.2285631373949606	0.9531526577164745	-1	-0.046847342283525495	0.15360997791151518
11.3151819	1	0.2285631373949606	0.9569313127438529	-1	-0.0430686872561471	0.13492922144883177
11.3151819	1	0.22242721424341783	0.9569313127438529	-1	-0.0430686872561471	0.13492922144883177
11.4383382	1	0.22242721424341783	0.9600778939030626	-1	-0.03992210609693736	0.1198999047846107
11.4383382	1	0.21782527187976086	0.9600778939030626	-1	-0.03992210609693736	0.1198999047846107
11.5611832	1	0.21782527187976086	0.9625248257673868	-1	-0.03747517423261315	0.10857850224823552
11.5611832	1	0.21015536794033274	0.9625248257673868	-1	-0.03747517423261315	0.10857850224823552
11.685099	1	0.21015536794033274	0.9668080841883254	-1	-0.03319191581167458	0.08961537413863983
11.685099	1	0.20708740636456158	0.9668080841883254	-1	-0.03319191581167458	0.08961537413863983
11.8079862	1	0.20708740636456158	0.9686087217281907	-1	-0.03139127827180932	0.08199717953599535
11.8079862	1	0.20401944478879042	0.9686087217281907	-1	-0.03139127827180932	0.08199717953599535
11.928868	1	0.20401944478879042	0.9704700077610018	-1	-0.029529992238998215	0.07436016015689004
11.928868	1	0.2009514832130188	0.9704700077610018	-1	-0.029529992238998215	0.07436016015689004
12.0510909	1	0.2009514832130188	0.9724016176596455	-1	-0.0275983823403545	0.06670431600132282
12.0510909	1	0.19941750242513345	0.9724016176596455	-1	-0.0275983823403545	0.06670431600132282
12.1747074	1	0.19941750242513345	0.9733975504168084	-1	-0.02660244958319158	0.0628693346323675
12.1747074	1	0.19788352163724765	0.9733975504168084	-1	-0.02660244958319158	0.0628693346323675
12.2970125	1	0.19788352163724765	0.9744160192248279	-1	-0.0255839807751721	0.05902964706929588
12.2970125	1	0.19021361769781953	0.9744160192248279	-1	-0.0255839807751721	0.05902964706929588
12.41937	1	0.19021361769781953	0.9799392990353437	-1	-0.020060700964656286	0.0397606163422119
12.41937	1	0.18867963690993372	0.9799392990353437	-1	-0.020060700964656286	0.0397606163422119
12.5428199	1	0.18867963690993372	0.9811570264000764	-1	-0.018842973599923596	0.035892691614449045
12.5428199	1	0.18714565612204836	0.9811570264000764	-1	-0.018842973599923596	0.035892691614449045
12.6665322	1	0.18714565612204836	0.9824259709702483	-1	-0.017574029029751692	0.03202006069257211
12.6665322	1	0.1810097329705056	0.9824259709702483	-1	-0.017574029029751692	0.03202006069257211
12.7916049	1	0.1810097329705056	0.9882584130267879	-1	-0.011741586973212148	0.016482475063908934
12.7916049	1	0.17794177139473444	0.9882584130267879	-1	-0.011741586973212148	0.016482475063908934
12.9148573	1	0.17794177139473444	0.9920248281536718	-1	-0.007975171846328233	0.008685445084886684
12.9148573	1	0.17794177139473444	0.9920248281536718	-1	-0.007975171846328233	0.008685445084886684
13.0383223	1	0.17794177139473444	0.9920248281536718	-1	-0.007975171846328233	0.008685445084886684
13.0383223	1	0.1794757521826198	0.9920248281536718	-1	-0.007975171846328233	0.008685445084886684
13.1626775	1	0.1794757521826198	0.9900246561091505	-1	-0.00997534389084953	0.012586313171454847
13.1626775	1	0.17794177139473444	0.9900246561091505	-1	-0.00997534389084953	0.012586313171454847
13.2863282	1	0.17794177139473444	0.9920248281536718	-1	-0.007975171846328233	0.008685445084886684
13.2863282	1	0.17794177139473444	0.9920248281536718	-1	-0.007975171846328233	0.008685445084886684
13.409794	1	0.17794177139473444	0.9920248281536718	-1	-0.007975171846328233	0.008685445084886684
13.409794	1	0.17794177139473444	0.9920248281536718	-1	-0.007975171846328233	0.008685445084886684
13.5337444	1	0.17794177139473444	0.9920248281536718	-1	-0.007975171846328233	0.008685445084886684
13.5337444	1	0.17794177139473444	0.9920248281536718	-1	-0.007975171846328233	0.008685445084886684
13.6563951	1	0.17794177139473444	0.9920248281536718	-1	-0.007975171846328233	0.008685445084886684
13.6563951	1	0.17794177139473444	0.9920248281536718	-1	-0.007975171846328233	0.008685445084886684
13.7802966	1	0.17794177139473444	0.9920248281536718	-1	-0.007975171846328233	0.008685445084886684
13.7802966	1	0.17794177139473444	0.9920248281536718	-1	-0.007975171846328233	0.008685445084886684
13.9050582	1	0.17794177139473444	0.9920248281536718	-1	-0.007975171846328233	0.008685445084886684
13.9050582	1	0.17794177139473444	0.9920248281536718	-1	-0.007975171846328233	0.008685445084886684
14.0280335	1	0.17794177139473444	0.9920248281536718	-1	-0.007975171846328233	0.008685445084886684
14.0280335	1	0.17794177139473444	0.9920248281536718	-1	-0.007975171846328233	0.008685445084886684
14.1511202	1	0.17794177139473444	0.9920248281536718	-1	-0.007975171846328233	0.008685445084886684
14.1511202	1	0.17794177139473444	0.9920248281536718	-1	-0.007975171846328233	0.008685445084886684
14.2750973	1	0.17794177139473444	0.9920248281536718	-1	-0.007975171846328233	0.008685445084886684
14.2750973	1	0.17794177139473444	0.9920248281536718	-1	-0.007975171846328233	0.008685445084886684
14.3977586	1	0.17794177139473444	0.9920248281536718	-1	-0.007975171846328233	0.008685445084886684
14.3977586	1	0.17794177139473444	0.9920248281536718	-1	-0.007975171846328233	0.008685445084886684
14.5225564	1	0.17794177139473444	0.9920248281536718	-1	-0.007975171846328233	0.008685445084886684
14.5225564	1	0.17794177139473444	0.9920248281536718	-1	-0.007975171846328233	0.008685445084886684
14.6451184	1	0.17794177139473444	0.9920248281536718	-1	-0.007975171846328233	0.008685445084886684
14.6451184	1	0.17794177139473444	0.9920248281536718	-1	-0.007975171846328233	0.008685445084886684
14.7694887	1	0.17794177139473444	0.9920248281536718	-1	-0.007975171846328233	0.008685445084886684
14.7694887	1	0.17794177139473444	0.9920248281536718	-1	-0.007975171846328233	0.008685445084886684
14.8919593	1	0.17794177139473444	0.9920248281536718	-1	-0.007975171846328233	0.008685445084886684
14.8919593	1	0.17794177139473444	0.9920248281536718	-1	-0.007975171846328233	0.008685445084886684
15.0155792	1	0.17794177139473444	0.9920248281536718	-1	-0.007975171846328233	0.008685445084886684
15.0155792	1	0.17794177139473444	0.9920248281536718	-1	-0.007975171846328233	0.008685445084886684
15.1380167	1	0.17794177139473444	0.9920248281536718	-1	-0.007975171846328233	0.008685445084886684
15.1380167	1	0.17794177139473444	0.9920248281536718	-1	-0.007975171846328233	0.008685445084886684
15.2632145	1	0.17794177139473444	0.9920248281536718	-1	-0.007975171846328233	0.008685445084886684
15.2632145	1	0.17794177139473444	0.9920248281536718	-1	-0.007975171846328233	0.008685445084886684
15.3859057	1	0.17794177139473444	0.9920248281536718	-1	-0.007975171846328233	0.008685445084886684
15.3859057	1	0.17794177139473444	0.9920248281536718	-1	-0.007975171846328233	0.008685445084886684
15.5104355	1	0.17794177139473444	0.9920248281536718	-1	-0.007975171846328233	0.008685445084886684
15.5104355	1	0.17794177139473444	0.9920248281536718	-1	-0.007975171846328233	0.008685445084886684
15.6341835	1	0.17794177139473444	0.9920248281536718	-1	-0.007975171846328233	0.008685445084886684
15.6341835	1	0.17794177139473444	0.9920248281536718	-1	-0.007975171846328233	0.008685445084886684
15.7580303	1	0.17794177139473444	0.9920248281536718	-1	-0.007975171846328233	0.008685445084886684
15.7580303	1	0.17794177139473444	0.9920248281536718	-1	-0.007975171846328233	0.008685445084886684
15.8820933	1	0.17794177139473444	0.9920248281536718	-1	-0.007975171846328233	0.008685445084886684
15.8820933	1	0.17794177139473444	0.9920248281536718	-1	-0.007975171846328233	0.008685445084886684
16.0053774	1	0.17794177139473444	0.9920248281536718	-1	-0.007975171846328233	0.008685445084886684
16.0053774	1	0.1794757521826198	0.9920248281536718	-1	-0.007975171846328233	0.008685445084886684
16.1278015	1	0.1794757521826198	0.9900246561091505	-1	-0.00997534389084953	0.012586313171454847
16.1278015	1	0.17794177139473444	0.9900246561091505	-1	-0.00997534389084953	0.012586313171454847
16.2528747	1	0.17794177139473444	0.9920248281536718	-1	-0.007975171846328233	0.008685445084886684
16.2528747	1	0.17794177139473444	0.9920248281536718	-1	-0.007975171846328233	0.008685445084886684
16.3772223	1	0.17794177139473444	0.9920248281536718	-1	-0.007975171846328233	0.008685445084886684
16.3772223	1	0.17794177139473444	0.9920248281536718	-1	-0.007975171846328233	0.008685445084886684
16.4994285	1	0.17794177139473444	0.9920248281536718	-1	-0.007975171846328233	0.008685445084886684
16.4994285	1	0.17794177139473444	0.9920248281536718	-1	-0.007975171846328233	0.008685445084886684
16.6405769	1	0.17794177139473444	0.9920248281536718	-1	-0.007975171846328233	0.008685445084886684
16.6405769	1	0.17794177139473444	0.9920248281536718	-1	-0.007975171846328233	0.008685445084886684
16.7649112	1	0.17794177139473444	0.9920248281536718	-1	-0.007975171846328233	0.008685445084886684
16.7649112	1	0.1794757521826198	0.9920248281536718	-1	-0.007975171846328233	0.008685445084886684
16.8897421	1	0.1794757521826198	0.9900246561091505	-1	-0.00997534389084953	0.012586313171454847
16.8897421	1	0.17794177139473444	0.9900246561091505	-1	-0.00997534389084953	0.012586313171454847
17.0132455	1	0.17794177139473444	0.9920248281536718	-1	-0.007975171846328233	0.008685445084886684
17.0132455	1	0.1794757521826198	0.9920248281536718	-1	-0.007975171846328233	0.008685445084886684
17.1368796	1	0.1794757521826198	0.9900246561091505	-1	-0.00997534389084953	0.012586313171454847
17.1368796	1	0.17794177139473444	0.9900246561091505	-1	-0.00997534389084953	0.012586313171454847
17.2601911	1	0.17794177139473444	0.9920248281536718	-1	-0.007975171846328233	0.008685445084886684
17.2601911	1	0.17794177139473444	0.9920248281536718	-1	-0.007975171846328233	0.008685445084886684
17.3846137	1	0.17794177139473444	0.9920248281536718	-1	-0.007975171846328233	0.008685445084886684
17.3846137	1	0.17794177139473444	0.9920248281536718	-1	-0.007975171846328233	0.008685445084886684
17.5093725	1	0.17794177139473444	0.9920248281536718	-1	-0.007975171846328233	0.008685445084886684
17.5093725	1	0.17794177139473444	0.9920248281536718	-1	-0.007975171846328233	0.008685445084886684
17.6339008	1	0.17794177139473444	0.9920248281536718	-1	-0.007975171846328233	0.008685445084886684
17.6339008	1	0.17794177139473444	0.9920248281536718	-1	-0.007975171846328233	0.008685445084886684
17.7589016	1	0.17794177139473444	0.9920248281536718	-1	-0.007975171846328233	0.008685445084886684
17.7589016	1	0.17794177139473444	0.9920248281536718	-1	-0.007975171846328233	0.008685445084886684
17.882285	1	0.17794177139473444	0.9920248281536718	-1	-0.007975171846328233	0.008685445084886684
17.882285	1	0.17794177139473444	0.9920248281536718	-1	-0.007975171846328233	0.008685445084886684
18.0031748	1	0.17794177139473444	0.9920248281536718	-1	-0.007975171846328233	0.008685445084886684
18.0031748	1	0.17794177139473444	0.9920248281536718	-1	-0.007975171846328233	0.008685445084886684
18.1263098	1	0.17794177139473444	0.9920248281536718	-1	-0.007975171846328233	0.008685445084886684
18.1263098	1	0.17794177139473444	0.9920248281536718	-1	-0.007975171846328233	0.008685445084886684
18.2505595	1	0.17794177139473444	0.9920248281536718	-1	-0.007975171846328233	0.008685445084886684
18.2505595	1	0.17794177139473444	0.9920248281536718	-1	-0.007975171846328233	0.008685445084886684
18.3730036	1	0.17794177139473444	0.9920248281536718	-1	-0.007975171846328233	0.008685445084886684
18.3730036	1	0.17794177139473444	0.9920248281536718	-1	-0.007975171846328233	0.008685445084886684
18.4941579	1	0.17794177139473444	0.9920248281536718	-1	-0.007975171846328233	0.008685445084886684
18.4941579	1	0.17794177139473444	0.9920248281536718	-1	-0.007975171846328233	0.008685445084886684
18.6169548	1	0.17794177139473444	0.9920248281536718	-1	-0.007975171846328233	0.008685445084886684
18.6169548	1	0.17794177139473444	0.9920248281536718	-1	-0.007975171846328233	0.008685445084886684
18.7381885	1	0.17794177139473444	0.9920248281536718	-1	-0.007975171846328233	0.008685445084886684
18.7381885	1	0.17794177139473444	0.9920248281536718	-1	-0.007975171846328233	0.008685445084886684
18.8626742	1	0.17794177139473444	0.9920248281536718	-1	-0.007975171846328233	0.008685445084886684
18.8626742	1	0.17794177139473444	0.9920248281536718	-1	-0.007975171846328233	0.008685445084886684
19.0020235	1	0.17794177139473444	0.9920248281536718	-1	-0.007975171846328233	0.008685445084886684
19.0020235	1	0.17794177139473444	0.9920248281536718	-1	-0.007975171846328233	0.008685445084886684
19.1244584	1	0.17794177139473444	0.9920248281536718	-1	-0.007975171846328233	0.008685445084886684
19.1244584	1	0.17794177139473444	0.9920248281536718	-1	-0.007975171846328233	0.008685445084886684
19.2480287	1	0.17794177139473444	0.9920248281536718	-1	-0.007975171846328233	0.008685445084886684
19.2480287	1	0.17794177139473444	0.9920248281536718	-1	-0.007975171846328233	0.008685445084886684
19.3709482	1	0.17794177139473444	0.9920248281536718	-1	-0.007975171846328233	0.008685445084886684
19.3709482	1	0.17794177139473444	0.9920248281536718	-1	-0.007975171846328233	0.008685445084886684
19.4949926	1	0.17794177139473444	0.9920248281536718	-1	-0.007975171846328233	0.008685445084886684
19.4949926	1	0.1794757521826198	0.9920248281536718	-1	-0.007975171846328233	0.008685445084886684
19.619004	1	0.1794757521826198	0.9900246561091505	-1	-0.00997534389084953	0.012586313171454847
19.619004	1	0.17794177139473444	0.9900246561091505	-1	-0.00997534389084953	0.012586313171454847
19.7428043	1	0.17794177139473444	0.9920248281536718	-1	-0.007975171846328233	0.008685445084886684
19.7428043	1	0.17794177139473444	0.9920248281536718	-1	-0.007975171846328233	0.008685445084886684
19.866799	1	0.17794177139473444	0.9920248281536718	-1	-0.007975171846328233	0.008685445084886684
19.866799	1	0.17794177139473444	0.9920248281536718	-1	-0.007975171846328233	0.008685445084886684
19.9912541	1	0.17794177139473444	0.9920248281536718	-1	-0.007975171846328233	0.008685445084886684
19.9912541	1	0.17794177139473444	0.9920248281536718	-1	-0.007975171846328233	0.008685445084886684
20.1135584	1	0.17794177139473444	0.9920248281536718	-1	-0.007975171846328233	0.008685445084886684
20.1135584	1	0.17794177139473444	0.9920248281536718	-1	-0.007975171846328233	0.008685445084886684
20.2381917	1	0.17794177139473444	0.9920248281536718	-1	-0.007975171846328233	0.008685445084886684
20.2381917	1	0.17794177139473444	0.9920248281536718	-1	-0.007975171846328233	0.008685445084886684
20.3623391	1	0.17794177139473444	0.9920248281536718	-1	-0.007975171846328233	0.008685445084886684
20.3623391	1	0.17794177139473444	0.9920248281536718	-1	-0.007975171846328233	0.008685445084886684
20.4847837	1	0.17794177139473444	0.9920248281536718	-1	-0.007975171846328233	0.008685445084886684
20.4847837	1	0.17794177139473444	0.9920248281536718	-1	-0.007975171846328233	0.008685445084886684
20.6099074	1	0.17794177139473444	0.9920248281536718	-1	-0.007975171846328233	0.008685445084886684
20.6099074	1	0.17794177139473444	0.9920248281536718	-1	-0.007975171846328233	0.008685445084886684
20.7327185	1	0.17794177139473444	0.9920248281536718	-1	-0.007975171846328233	0.008685445084886684
20.7327185	1	0.17794177139473444	0.9920248281536718	-1	-0.007975171846328233	0.008685445084886684
20.8560646	1	0.17794177139473444	0.9920248281536718	-1	-0.007975171846328233	0.008685445084886684
20.8560646	1	0.17794177139473444	0.9920248281536718	-1	-0.007975171846328233	0.008685445084886684
20.9801819	1	0.17794177139473444	0.9920248281536718	-1	-0.007975171846328233	0.008685445084886684
20.9801819	1	0.17794177139473444	0.9920248281536718	-1	-0.007975171846328233	0.008685445084886684
21.1035952	1	0.17794177139473444	0.9920248281536718	-1	-0.007975171846328233	0.008685445084886684
21.1035952	1	0.17794177139473444	0.9920248281536718	-1	-0.007975171846328233	0.008685445084886684
21.22842	1	0.17794177139473444	0.9920248281536718	-1	-0.007975171846328233	0.008685445084886684
21.22842	1	0.17794177139473444	0.9920248281536718	-1	-0.007975171846328233	0.008685445084886684
21.22842	1	0.17794177139473444	0.9920248281536718	-1	-0.007975171846328233	0.008685445084886684
21.3683895	1	0.17794177139473444	0.9920248281536718	-1	-0.007975171846328233	0.008685445084886684
21.3683895	1	0.17794177139473444	0.9920248281536718	-1	-0.007975171846328233	0.008685445084886684
21.4918965	1	0.17794177139473444	0.9920248281536718	-1	-0.007975171846328233	0.008685445084886684
21.4918965	1	0.1794757521826198	0.9920248281536718	-1	-0.007975171846328233	0.008685445084886684
21.6152161	1	0.1794757521826198	0.9900246561091505	-1	-0.00997534389084953	0.012586313171454847
21.6152161	1	0.17794177139473444	0.9900246561091505	-1	-0.00997534389084953	0.012586313171454847
21.7394509	1	0.17794177139473444	0.9920248281536718	-1	-0.007975171846328233	0.008685445084886684
21.7394509	1	0.17794177139473444	0.9920248281536718	-1	-0.007975171846328233	0.008685445084886684
21.8628208	1	0.17794177139473444	0.9920248281536718	-1	-0.007975171846328233	0.008685445084886684
21.8628208	1	0.17794177139473444	0.9920248281536718	-1	-0.007975171846328233	0.008685445084886684
21.9878603	1	0.17794177139473444	0.9920248281536718	-1	-0.007975171846328233	0.008685445084886684
21.9878603	1	0.1794757521826198	0.9920248281536718	-1	-0.007975171846328233	0.008685445084886684
22.1110165	1	0.1794757521826198	0.9900246561091505	-1	-0.00997534389084953	0.012586313171454847
22.1110165	1	0.17794177139473444	0.9900246561091505	-1	-0.00997534389084953	0.012586313171454847
22.2340608	1	0.17794177139473444	0.9920248281536718	-1	-0.007975171846328233	0.008685445084886684
22.2340608	1	0.17794177139473444	0.9920248281536718	-1	-0.007975171846328233	0.008685445084886684
22.3582965	1	0.17794177139473444	0.9920248281536718	-1	-0.007975171846328233	0.008685445084886684
22.3582965	1	0.17794177139473444	0.9920248281536718	-1	-0.007975171846328233	0.008685445084886684
22.4827542	1	0.17794177139473444	0.9920248281536718	-1	-0.007975171846328233	0.008685445084886684
22.4827542	1	0.17794177139473444	0.9920248281536718	-1	-0.007975171846328233	0.008685445084886684
22.6079133	1	0.17794177139473444	0.9920248281536718	-1	-0.007975171846328233	0.008685445084886684
22.6079133	1	0.17794177139473444	0.9920248281536718	-1	-0.007975171846328233	0.008685445084886684
22.7312886	1	0.17794177139473444	0.9920248281536718	-1	-0.007975171846328233	0.008685445084886684
22.7312886	1	0.17794177139473444	0.9920248281536718	-1	-0.007975171846328233	0.008685445084886684
22.8545999	1	0.17794177139473444	0.9920248281536718	-1	-0.007975171846328233	0.008685445084886684
22.8545999	1	0.17794177139473444	0.9920248281536718	-1	-0.007975171846328233	0.008685445084886684
22.977631	1	0.17794177139473444	0.9920248281536718	-1	-0.007975171846328233	0.008685445084886684
22.977631	1	0.17794177139473444	0.9920248281536718	-1	-0.007975171846328233	0.008685445084886684
23.1024545	1	0.17794177139473444	0.9920248281536718	-1	-0.007975171846328233	0.008685445084886684
23.1024545	1	0.17794177139473444	0.9920248281536718	-1	-0.007975171846328233	0.008685445084886684
23.2263402	1	0.17794177139473444	0.9920248281536718	-1	-0.007975171846328233	0.008685445084886684
23.2263402	1	0.17794177139473444	0.9920248281536718	-1	-0.007975171846328233	0.008685445084886684
23.3525183	1	0.17794177139473444	0.9920248281536718	-1	-0.007975171846328233	0.008685445084886684
23.3525183	1	0.17794177139473444	0.9920248281536718	-1	-0.007975171846328233	0.008685445084886684
23.4757453	1	0.17794177139473444	0.9920248281536718	-1	-0.007975171846328233	0.008685445084886684
23.4757453	1	0.17794177139473444	0.9920248281536718	-1	-0.007975171846328233	0.008685445084886684
23.5984061	1	0.17794177139473444	0.9920248281536718	-1	-0.007975171846328233	0.008685445084886684
23.5984061	1	0.17794177139473444	0.9920248281536718	-1	-0.007975171846328233	0.008685445084886684
23.7218523	1	0.17794177139473444	0.9920248281536718	-1	-0.007975171846328233	0.008685445084886684
23.7218523	1	0.17794177139473444	0.9920248281536718	-1	-0.007975171846328233	0.008685445084886684
23.8463154	1	0.17794177139473444	0.9920248281536718	-1	-0.007975171846328233	0.008685445084886684
23.8463154	1	0.17794177139473444	0.9920248281536718	-1	-0.007975171846328233	0.008685445084886684
23.9692519	1	0.17794177139473444	0.9920248281536718	-1	-0.007975171846328233	0.008685445084886684
23.9692519	1	0.17794177139473444	0.9920248281536718	-1	-0.007975171846328233	0.008685445084886684
24.0928061	1	0.17794177139473444	0.9920248281536718	-1	-0.007975171846328233	0.008685445084886684
24.0928061	1	0.17794177139473444	0.9920248281536718	-1	-0.007975171846328233	0.008685445084886684
24.2168663	1	0.17794177139473444	0.9920248281536718	-1	-0.007975171846328233	0.008685445084886684
24.2168663	1	0.17794177139473444	0.9920248281536718	-1	-0.007975171846328233	0.008685445084886684
24.3395071	1	0.17794177139473444	0.9920248281536718	-1	-0.007975171846328233	0.008685445084886684
24.3395071	1	0.17794177139473444	0.9920248281536718	-1	-0.007975171846328233	0.008685445084886684
24.4637797	1	0.17794177139473444	0.9920248281536718	-1	-0.007975171846328233	0.008685445084886684
24.4637797	1	0.17794177139473444	0.9920248281536718	-1	-0.007975171846328233	0.008685445084886684
24.5873133	1	0.17794177139473444	0.9920248281536718	-1	-0.007975171846328233	0.008685445084886684
24.5873133	1	0.17794177139473444	0.9920248281536718	-1	-0.007975171846328233	0.008685445084886684
24.7083671	1	0.17794177139473444	0.9920248281536718	-1	-0.007975171846328233	0.008685445084886684
24.7083671	1	0.1794757521826198	0.9920248281536718	-1	-0.007975171846328233	0.008685445084886684
24.8326188	1	0.1794757521826198	0.9900246561091505	-1	-0.00997534389084953	0.012586313171454847
24.8326188	1	0.17794177139473444	0.9900246561091505	-1	-0.00997534389084953	0.012586313171454847
24.9564346	1	0.17794177139473444	0.9920248281536718	-1	-0.007975171846328233	0.008685445084886684
24.9564346	1	0.17794177139473444	0.9920248281536718	-1	-0.007975171846328233	0.008685445084886684
25.0805384	1	0.17794177139473444	0.9920248281536718	-1	-0.007975171846328233	0.008685445084886684
25.0805384	1	0.17794177139473444	0.9920248281536718	-1	-0.007975171846328233	0.008685445084886684
25.203796	1	0.17794177139473444	0.9920248281536718	-1	-0.007975171846328233	0.008685445084886684
25.203796	1	0.17794177139473444	0.9920248281536718	-1	-0.007975171846328233	0.008685445084886684
25.3263793	1	0.17794177139473444	0.9920248281536718	-1	-0.007975171846328233	0.008685445084886684
25.3263793	1	0.17794177139473444	0.9920248281536718	-1	-0.007975171846328233	0.008685445084886684
25.4514688	1	0.17794177139473444	0.9920248281536718	-1	-0.007975171846328233	0.008685445084886684
25.4514688	1	0.17794177139473444	0.9920248281536718	-1	-0.007975171846328233	0.008685445084886684
25.5765596	1	0.17794177139473444	0.9920248281536718	-1	-0.007975171846328233	0.008685445084886684
25.5765596	1	0.17794177139473444	0.9920248281536718	-1	-0.007975171846328233	0.008685445084886684
25.7012476	1	0.17794177139473444	0.9920248281536718	-1	-0.007975171846328233	0.008685445084886684
25.7012476	1	0.17794177139473444	0.9920248281536718	-1	-0.007975171846328233	0.008685445084886684
25.8255936	1	0.17794177139473444	0.9920248281536718	-1	-0.007975171846328233	0.008685445084886684
25.8255936	1	0.17794177139473444	0.9920248281536718	-1	-0.007975171846328233	0.008685445084886684
25.9480681	1	0.17794177139473444	0.9920248281536718	-1	-0.007975171846328233	0.008685445084886684
25.9480681	1	0.17794177139473444	0.9920248281536718	-1	-0.007975171846328233	0.008685445084886684
26.0721333	1	0.17794177139473444	0.9920248281536718	-1	-0.007975171846328233	0.008685445084886684
26.0721333	1	0.17794177139473444	0.9920248281536718	-1	-0.007975171846328233	0.008685445084886684
26.1960477	1	0.17794177139473444	0.9920248281536718	-1	-0.007975171846328233	0.008685445084886684
26.1960477	1	0.1794757521826198	0.9920248281536718	-1	-0.007975171846328233	0.008685445084886684
26.3196704	1	0.1794757521826198	0.9900246561091505	-1	-0.00997534389084953	0.012586313171454847
26.3196704	1	0.17794177139473444	0.9900246561091505	-1	-0.00997534389084953	0.012586313171454847
26.4451433	1	0.17794177139473444	0.9920248281536718	-1	-0.007975171846328233	0.008685445084886684
26.4451433	1	0.17794177139473444	0.9920248281536718	-1	-0.007975171846328233	0.008685445084886684
26.5687581	1	0.17794177139473444	0.9920248281536718	-1	-0.007975171846328233	0.008685445084886684
26.5687581	1	0.17794177139473444	0.9920248281536718	-1	-0.007975171846328233	0.008685445084886684
26.6910483	1	0.17794177139473444	0.9920248281536718	-1	-0.007975171846328233	0.008685445084886684
26.6910483	1	0.17794177139473444	0.9920248281536718	-1	-0.007975171846328233	0.008685445084886684
26.8131023	1	0.17794177139473444	0.9920248281536718	-1	-0.007975171846328233	0.008685445084886684
26.8131023	1	0.17794177139473444	0.9920248281536718	-1	-0.007975171846328233	0.008685445084886684
26.9360938	1	0.17794177139473444	0.9920248281536718	-1	-0.007975171846328233	0.008685445084886684
26.9360938	1	0.17794177139473444	0.9920248281536718	-1	-0.007975171846328233	0.008685445084886684
27.0596298	1	0.17794177139473444	0.9920248281536718	-1	-0.007975171846328233	0.008685445084886684
27.0596298	1	0.17794177139473444	0.9920248281536718	-1	-0.007975171846328233	0.008685445084886684
27.1809155	1	0.17794177139473444	0.9920248281536718	-1	-0.007975171846328233	0.008685445084886684
27.1809155	1	0.17794177139473444	0.9920248281536718	-1	-0.007975171846328233	0.008685445084886684
27.3030831	1	0.17794177139473444	0.9920248281536718	-1	-0.007975171846328233	0.008685445084886684
27.3030831	1	0.17794177139473444	0.9920248281536718	-1	-0.007975171846328233	0.008685445084886684
27.4267532	1	0.17794177139473444	0.9920248281536718	-1	-0.007975171846328233	0.008685445084886684
27.4267532	1	0.17794177139473444	0.9920248281536718	-1	-0.007975171846328233	0.008685445084886684
27.5506583	1	0.17794177139473444	0.9920248281536718	-1	-0.007975171846328233	0.008685445084886684
27.5506583	1	0.17794177139473444	0.9920248281536718	-1	-0.007975171846328233	0.008685445084886684
27.6748343	1	0.17794177139473444	0.9920248281536718	-1	-0.007975171846328233	0.008685445084886684
27.6748343	1	0.17794177139473444	0.9920248281536718	-1	-0.007975171846328233	0.008685445084886684
27.79882	1	0.17794177139473444	0.9920248281536718	-1	-0.007975171846328233	0.008685445084886684
27.79882	1	0.17794177139473444	0.9920248281536718	-1	-0.007975171846328233	0.008685445084886684
27.9229842	1	0.17794177139473444	0.9920248281536718	-1	-0.007975171846328233	0.008685445084886684
27.9229842	1	0.17794177139473444	0.9920248281536718	-1	-0.007975171846328233	0.008685445084886684
28.0453938	1	0.17794177139473444	0.9920248281536718	-1	-0.007975171846328233	0.008685445084886684
28.0453938	1	0.17794177139473444	0.9920248281536718	-1	-0.007975171846328233	0.008685445084886684
28.1690321	1	0.17794177139473444	0.9920248281536718	-1	-0.007975171846328233	0.008685445084886684
28.1690321	1	0.17794177139473444	0.9920248281536718	-1	-0.007975171846328233	0.008685445084886684
28.2942232	1	0.17794177139473444	0.9920248281536718	-1	-0.007975171846328233	0.008685445084886684
28.2942232	1	0.17794177139473444	0.9920248281536718	-1	-0.007975171846328233	0.008685445084886684
28.415783	1	0.17794177139473444	0.9920248281536718	-1	-0.007975171846328233	0.008685445084886684
28.415783	1	0.17794177139473444	0.9920248281536718	-1	-0.007975171846328233	0.008685445084886684
28.5370055	1	0.17794177139473444	0.9920248281536718	-1	-0.007975171846328233	0.008685445084886684
28.5370055	1	0.17794177139473444	0.9920248281536718	-1	-0.007975171846328233	0.008685445084886684
28.6610256	1	0.17794177139473444	0.9920248281536718	-1	-0.007975171846328233	0.008685445084886684
28.6610256	1	0.17794177139473444	0.9920248281536718	-1	-0.007975171846328233	0.008685445084886684
28.7833132	1	0.17794177139473444	0.9920248281536718	-1	-0.007975171846328233	0.008685445084886684
28.7833132	1	0.17794177139473444	0.9920248281536718	-1	-0.007975171846328233	0.008685445084886684
28.9065016	1	0.17794177139473444	0.9920248281536718	-1	-0.007975171846328233	0.008685445084886684
28.9065016	1	0.17794177139473444	0.9920248281536718	-1	-0.007975171846328233	0.008685445084886684
29.0302566	1	0.17794177139473444	0.9920248281536718	-1	-0.007975171846328233	0.008685445084886684
29.0302566	1	0.17794177139473444	0.9920248281536718	-1	-0.007975171846328233	0.008685445084886684
29.1540098	1	0.17794177139473444	0.9920248281536718	-1	-0.007975171846328233	0.008685445084886684
29.1540098	1	0.17794177139473444	0.9920248281536718	-1	-0.007975171846328233	0.008685445084886684
29.2780959	1	0.17794177139473444	0.9920248281536718	-1	-0.007975171846328233	0.008685445084886684
29.2780959	1	0.17794177139473444	0.9920248281536718	-1	-0.007975171846328233	0.008685445084886684
29.4032089	1	0.17794177139473444	0.9920248281536718	-1	-0.007975171846328233	0.008685445084886684
29.4032089	1	0.17794177139473444	0.9920248281536718	-1	-0.007975171846328233	0.008685445084886684
29.5277912	1	0.17794177139473444	0.9920248281536718	-1	-0.007975171846328233	0.008685445084886684
29.5277912	1	0.17794177139473444	0.9920248281536718	-1	-0.007975171846328233	0.008685445084886684
29.6506796	1	0.17794177139473444	0.9920248281536718	-1	-0.007975171846328233	0.008685445084886684
29.6506796	1	0.17794177139473444	0.9920248281536718	-1	-0.007975171846328233	0.008685445084886684
29.7746521	1	0.17794177139473444	0.9920248281536718	-1	-0.007975171846328233	0.008685445084886684
29.7746521	1	0.17794177139473444	0.9920248281536718	-1	-0.007975171846328233	0.008685445084886684
29.8976865	1	0.17794177139473444	0.9920248281536718	-1	-0.007975171846328233	0.008685445084886684
29.8976865	1	0.17794177139473444	0.9920248281536718	-1	-0.007975171846328233	0.008685445084886684
